0.0751345 0.0127951 0.0121133 0.0274328 0.00109075 0.0169888 0.0801493 0.772931 0.000808079 0.000555916 
0.243301 0.0858381 0.0120676 0.0844009 0.00234114 0.0925838 0.317696 0.157231 0.00331165 0.00122912 
0.00379879 0.00638227 0.00196566 0.0054098 0.000260434 0.0071096 0.00544532 0.967028 0.00193727 0.000662441 
0.112378 0.0772005 0.0322252 0.045095 0.00694767 0.0441744 0.460408 0.201306 0.0195263 0.000738996 
0.18787 0.112899 0.00715964 0.143313 0.00170541 0.16011 0.267991 0.0975595 0.0127339 0.00865836 
0.0868963 0.219159 0.0058835 0.0955945 0.000541355 0.0847558 0.252181 0.253754 0.000762455 0.000472383 
0.195177 0.205249 0.00851696 0.0557379 0.00301814 0.0903152 0.302002 0.124963 0.00329816 0.0117235 
0.232021 0.0525462 0.0837704 0.0483014 0.00104023 0.169748 0.286089 0.124801 0.0011737 0.000509932 
0.261923 0.0627451 0.0405561 0.0667461 0.0125504 0.0818427 0.198265 0.246452 0.0167333 0.0121868 
0.246653 0.0667424 0.0115553 0.0781035 0.00269637 0.0922589 0.33351 0.163489 0.00391836 0.00107394 
0.210479 0.0950134 0.00847217 0.0907834 0.00220448 0.130455 0.242101 0.217162 0.00236268 0.000966819 
0.246739 0.124642 0.0101629 0.0758852 0.0119183 0.0972368 0.260739 0.159225 0.00562979 0.00782162 
0.142032 0.0164925 0.0214857 0.0464303 0.000756128 0.378829 0.364721 0.0280471 0.0012037 2.25541e-06 
0.000600732 0.000185811 2.15147e-05 0.000390239 2.84263e-05 0.998543 2.73128e-08 0.00018656 3.02167e-05 1.30132e-05 
0.3109 0.0944601 0.00837701 0.083125 0.00522781 0.128012 0.27817 0.0871686 0.0039469 0.000613568 
0.0751345 0.0127951 0.0121133 0.0274328 0.00109075 0.0169888 0.0801493 0.772931 0.000808079 0.000555916 
0.35383 0.0607322 0.00772005 0.0530429 0.00179821 0.0749383 0.264542 0.18032 0.00224891 0.000827023 
0.210409 0.187147 0.0241431 0.050393 0.00278611 0.0839126 0.255881 0.152957 0.0306852 0.00168547 
0.219133 0.0794841 0.0203926 0.108436 0.00301582 0.0974442 0.292876 0.173326 0.00468803 0.00120405 
0.286263 0.0713277 0.0108868 0.0746879 0.00210246 0.0819638 0.307797 0.161922 0.00245593 0.000593783 
0.195349 0.104342 0.0169151 0.0702862 0.00236414 0.0975532 0.348357 0.161245 0.00269946 0.000888144 
0.21491 0.117311 0.0449747 0.105764 0.00153315 0.121075 0.242914 0.148304 0.00245452 0.000759126 
0.000661113 0.000587482 0.0214669 0.000564557 9.78393e-05 0.975049 0.000667348 0.000721303 0.000122655 6.1761e-05 
0.286834 0.0498425 0.00987282 0.0607364 0.00278237 0.0979231 0.340722 0.146728 0.00377383 0.000785669 
0.261475 0.067346 0.0111606 0.0669776 0.00197592 0.0822665 0.332717 0.171679 0.00341908 0.000983287 
0.311443 0.0620135 0.00781859 0.0516045 0.00190693 0.0833633 0.359173 0.11781 0.00426752 0.000599447 
0.309519 0.0458724 0.0230971 0.0362007 0.00125884 0.283913 0.172281 0.125493 0.00157414 0.00079065 
0.272193 0.067082 0.0120921 0.0967193 0.00339386 0.132634 0.269141 0.142161 0.00354326 0.00104017 
0.000565292 0.00094991 0.000292979 0.000805247 3.91207e-05 0.00105805 0.0488099 0.000715966 0.946665 9.88896e-05 
0.242012 0.0701995 0.0165186 0.162949 0.00253589 0.066922 0.326202 0.0909078 0.0212263 0.00052698 
0.214178 0.0996964 0.00824037 0.245645 0.001911 0.0726813 0.195574 0.158597 0.00227794 0.00119933 
0.180256 0.103418 0.00865811 0.255181 0.00202017 0.0843937 0.237025 0.125876 0.00216448 0.0010067 
0.249794 0.0844455 0.0080582 0.112141 0.00168508 0.0839907 0.317923 0.138108 0.00314467 0.000710219 
0.203025 0.116865 0.0100138 0.0986792 0.00218584 0.241452 0.204953 0.117782 0.00427378 0.000771339 
0.385355 0.0841589 0.00761092 0.059012 0.00245165 0.0782188 0.272021 0.106898 0.00304725 0.00122555 
0.238183 0.073535 0.0111961 0.0738264 0.00211054 0.101173 0.331566 0.164636 0.00287991 0.000894215 
0.242045 0.0911731 0.0114973 0.0635007 0.00218818 0.0908234 0.34784 0.146349 0.00329175 0.00129134 
0.33254 0.0413569 0.0117171 0.0745815 0.00354605 0.116879 0.233334 0.180828 0.00208682 0.00312959 
0.21127 0.0785136 0.0152473 0.0707823 0.00292295 0.0891443 0.32304 0.204499 0.00354374 0.00103674 
0.251229 0.0830053 0.0113987 0.0714593 0.00271204 0.0854724 0.320079 0.17045 0.00325028 0.000943974 
0.12154 0.0471825 0.00267821 0.285668 0.0016232 0.0457356 0.393061 0.0913345 0.00332118 0.00785585 
0.216438 0.0923399 0.024295 0.097441 0.0224812 0.0876728 0.278874 0.154259 0.0153045 0.0108951 
0.000105615 0.429081 0.136505 0.250808 0.00110409 0.10327 0.0124884 0.0615799 2.48354e-05 0.00503259 
0.222088 0.0640026 0.0125579 0.0693426 0.00246177 0.097539 0.320956 0.20773 0.00265611 0.000665622 
0.21419 0.0810428 0.00974961 0.0809814 0.0019472 0.0970602 0.278306 0.232863 0.00292612 0.000932881 
0.228001 0.0797088 0.00829964 0.0610499 0.002049 0.0976241 0.335191 0.184582 0.00260891 0.000885721 
0.161571 0.0572271 0.00611085 0.295135 0.00557707 0.0825169 0.237571 0.149322 0.00410658 0.000862404 
0.163422 0.0638236 0.0081533 0.0510617 0.00140389 0.0671254 0.166817 0.47352 0.00379227 0.000880832 
0.222617 0.0405092 0.00464422 0.0271475 0.00106531 0.10505 0.458309 0.1309 0.00456404 0.00519421 
5.40528e-05 0.0877533 2.28519e-05 4.77702e-05 0.000994354 0.28391 0.1733 0.453906 8.91544e-06 3.46978e-06 
0.214746 0.0797892 0.0110715 0.162084 0.00232757 0.0729716 0.288979 0.162256 0.0049116 0.000862473 
0.213401 0.0730104 0.00950306 0.070924 0.00209962 0.0821485 0.417172 0.128031 0.00283325 0.000877935 
0.22765 0.079659 0.0112726 0.0860257 0.00225667 0.111232 0.329739 0.146772 0.00294439 0.00244816 
0.263942 0.0851655 0.00944067 0.0656926 0.00185947 0.080519 0.31408 0.171527 0.00556052 0.00221237 
0.292584 0.0851187 0.00991774 0.0982135 0.0018699 0.0867328 0.262635 0.159133 0.00315217 0.000642356 
0.140482 0.0911014 0.00671181 0.0493938 0.00610488 0.0633003 0.236456 0.403162 0.00255627 0.000731316 
0.260585 0.0892396 0.00971493 0.0677877 0.00254221 0.101938 0.321487 0.143172 0.00266091 0.000873332 
0.266005 0.042397 0.022086 0.0875457 0.00330197 0.104059 0.189775 0.281262 0.00244263 0.00112578 
0.333384 0.0548015 0.0128005 0.0547865 0.00155674 0.0761791 0.334728 0.128244 0.0028968 0.000622335 
0.186074 0.0581032 0.0121482 0.0875679 0.00371434 0.0927774 0.43557 0.119353 0.00364108 0.00105025 
0.258684 0.065432 0.0113629 0.073572 0.00208417 0.0969072 0.333235 0.154978 0.00275994 0.000984795 
0.251483 0.0704582 0.01149 0.0730417 0.00236739 0.10051 0.329728 0.156588 0.00345636 0.000877297 
0.15567 0.0553185 0.013094 0.0794856 0.0158407 0.402363 0.156833 0.0978117 0.0229236 0.0006599 
0.213418 0.0845552 0.00898318 0.078071 0.0020542 0.0869694 0.379168 0.143575 0.00253945 0.000666655 
0.338651 0.0798493 0.0221798 0.0989682 0.00277599 0.073606 0.243158 0.134499 0.00527456 0.00103881 
0.184108 0.0859985 0.0103793 0.0757434 0.00275291 0.102278 0.399914 0.134235 0.00363953 0.000952028 
0.201119 0.0953516 0.010489 0.0764544 0.00256477 0.0881519 0.380126 0.141017 0.0036809 0.00104588 
0.199925 0.0810385 0.0131632 0.0685424 0.00179283 0.0806798 0.386271 0.164869 0.00292837 0.000790469 
0.193776 0.116208 0.00514389 0.0485321 0.00213701 0.117396 0.446932 0.0656983 0.00150477 0.00267134 
0.122313 0.069443 0.280116 0.0785689 0.00217233 0.0823394 0.227182 0.135318 0.00173092 0.000816307 
0.273063 0.0709514 0.00918966 0.0600959 0.00240523 0.0974277 0.313382 0.170064 0.00265158 0.000768939 
0.239133 0.0954239 0.0112896 0.0718595 0.00207099 0.150396 0.288703 0.137132 0.00289211 0.00109861 
0.300956 0.0737005 0.00794902 0.0733646 0.00185003 0.0840608 0.337639 0.116851 0.00306866 0.000560514 
0.206448 0.0643839 0.00995867 0.0741909 0.00226429 0.120535 0.348625 0.169506 0.00328562 0.000802857 
0.0858877 0.0409734 0.00870573 0.0358171 0.00181593 0.0277524 0.731637 0.0642391 0.00266379 0.000508265 
0.212168 0.113184 0.0108647 0.097805 0.00260007 0.136801 0.26779 0.154412 0.00294341 0.00143101 
0.258593 0.0753979 0.0131973 0.0609832 0.00222269 0.0825032 0.360464 0.142219 0.00345769 0.000961642 
0.404735 0.0458803 0.00899811 0.0535862 0.00189355 0.0919602 0.266132 0.123997 0.00191732 0.000899915 
0.3436 0.0648004 0.00967551 0.0580148 0.00176021 0.0829714 0.261222 0.169301 0.00673367 0.00192153 
0.1883 0.063636 0.00844165 0.0654802 0.00207115 0.127767 0.392042 0.147642 0.00347898 0.00114065 
0.294765 0.0945669 0.00922257 0.0883701 0.00241283 0.074197 0.320979 0.112252 0.00232896 0.000905812 
0.225335 0.0725899 0.00838752 0.073775 0.00212151 0.0930584 0.34028 0.179503 0.00361402 0.00133641 
0.283759 0.0712285 0.0337394 0.0571762 0.00112034 0.11024 0.289121 0.15096 0.00205345 0.000601781 
0.234598 0.0558492 0.00779747 0.0830267 0.00460544 0.0687168 0.370111 0.171172 0.0027784 0.00134488 
0.255023 0.0554828 0.0133895 0.0997639 0.00269142 0.0905364 0.300635 0.177232 0.00398748 0.00125871 
0.246184 0.0935257 0.0125163 0.0919798 0.00192611 0.101111 0.30379 0.144388 0.00356646 0.0010128 
0.213128 0.0834295 0.0114996 0.0802422 0.00216684 0.0880869 0.342293 0.174553 0.003661 0.000941 
0.418592 0.0471777 0.00451728 0.162874 0.0022523 0.0647553 0.23964 0.0582621 0.00147941 0.000448926 
0.472682 0.067594 0.00723395 0.062903 0.0016956 0.040133 0.232615 0.0687657 0.00223367 0.0441438 
0.228582 0.0731141 0.012088 0.0898555 0.00514725 0.112662 0.333933 0.140076 0.00251916 0.0020235 
0.241818 0.127908 0.0147399 0.0653399 0.0039308 0.0724777 0.281995 0.175523 0.00867769 0.00758991 
0.198058 0.0789027 0.155485 0.0639144 0.00205004 0.0791813 0.250886 0.168097 0.00275205 0.000673781 
0.231169 0.0681296 0.00942663 0.0762059 0.00229548 0.0933838 0.384961 0.128376 0.00501669 0.00103599 
0.229285 0.0496831 0.0110925 0.0747902 0.00291437 0.166271 0.293901 0.156408 0.0127602 0.00289421 
0.216504 0.0750676 0.0124228 0.0566156 0.00442706 0.0822857 0.405557 0.143206 0.003107 0.000807321 
0.214153 0.0747422 0.0119479 0.0775131 0.00241623 0.0855553 0.349365 0.18069 0.00283492 0.000782571 
0.194867 0.172112 0.00919938 0.0644594 0.0017574 0.0947096 0.3071 0.149945 0.00409378 0.00175717 
0.19379 0.0557746 0.0302384 0.057994 0.00370974 0.0768976 0.324503 0.253204 0.00283508 0.00105403 
0.215458 0.0659257 0.00839872 0.0681363 0.00184677 0.0867946 0.433356 0.116526 0.002871 0.000687163 
0.385605 0.0461952 0.0797897 0.0922445 0.00305008 0.093316 0.194371 0.10287 0.00184968 0.000709031 
0.993045 0.000765978 8.86909e-05 0.0016087 0.000117183 0.00342743 1.12593e-07 0.000769066 0.000124564 5.36448e-05 
0.351038 0.159669 0.00749789 0.0494997 0.00733172 0.0683611 0.193673 0.139032 0.023071 0.000827108 
0.25838 0.0753799 0.0131166 0.0730679 0.00194252 0.103623 0.306148 0.164423 0.00292694 0.000992533 
0.242151 0.0766403 0.00973941 0.0661639 0.00199977 0.0893777 0.348811 0.161188 0.0030972 0.000831892 
0.143422 0.0388636 0.00727859 0.054222 0.0020223 0.0445033 0.348357 0.358021 0.0024353 0.000874934 
0.236713 0.273735 0.00892723 0.049604 0.00173345 0.0919217 0.217563 0.114248 0.00354501 0.00200889 
0.281089 0.0735064 0.015017 0.0655615 0.00306463 0.0736113 0.291156 0.19323 0.00287339 0.000890753 
0.2336 0.0999715 0.0118254 0.0784775 0.0021098 0.107531 0.347243 0.115017 0.00332483 0.000898827 
0.297586 0.0679109 0.0101347 0.0694345 0.0019277 0.0621043 0.366822 0.121246 0.00213114 0.000703226 
0.154464 0.0509075 0.258386 0.0550615 0.00203555 0.107511 0.248353 0.120383 0.00230272 0.00059557 
0.184746 0.0468829 0.00879566 0.0577264 0.00178407 0.133519 0.318832 0.244891 0.00220886 0.000614062 
0.201435 0.0874726 0.0847474 0.0952164 0.00333683 0.0991519 0.291164 0.132941 0.00286736 0.00166662 
0.261923 0.0627451 0.0405561 0.0667461 0.0125504 0.0818427 0.198265 0.246452 0.0167333 0.0121868 
0.24126 0.0848551 0.0137777 0.0738859 0.00229639 0.126169 0.296262 0.15647 0.00394057 0.00108293 
0.305225 0.0230213 0.021468 0.0360559 0.000559255 0.0338232 0.504171 0.0723153 0.00308943 0.000272507 
0.227366 0.0860548 0.0138827 0.0838753 0.00276923 0.138666 0.293225 0.147127 0.00558867 0.001445 
0.228252 0.0564119 0.0117997 0.0696847 0.0176999 0.123885 0.224199 0.233405 0.02618 0.00848231 
0.243597 0.0665413 0.0114059 0.0780003 0.00258676 0.0858663 0.360231 0.147632 0.00325443 0.000885454 
0.274009 0.0548361 0.0127372 0.068469 0.00243959 0.118475 0.286308 0.17776 0.00401196 0.000954964 
0.172303 0.368863 0.00831953 0.117253 0.00310693 0.0875461 0.162444 0.0761086 0.00305738 0.000999244 
0.279982 0.0892303 0.0097905 0.0683542 0.00298675 0.0934451 0.281955 0.17016 0.00319891 0.000897301 
0.238651 0.0734976 0.0108319 0.0778568 0.00201449 0.0914057 0.334619 0.167304 0.00286571 0.000953906 
0.208039 0.260599 0.01209 0.064107 0.00157495 0.0430868 0.246549 0.138823 0.0245291 0.000603256 
0.253433 0.0701032 0.00897035 0.100273 0.00161454 0.0815861 0.339398 0.14119 0.00277553 0.000656371 
0.287633 0.0869464 0.0077188 0.0634863 0.00191673 0.0851357 0.290896 0.172598 0.00253404 0.00113504 
0.224399 0.0643143 0.0449184 0.0596751 0.0246702 0.0761127 0.317272 0.182899 0.00237838 0.00336129 
0.310971 0.119874 0.00768049 0.0624266 0.00244291 0.116029 0.222415 0.152568 0.00217566 0.00341739 
0.226671 0.107352 0.017302 0.0644753 0.00274297 0.0845693 0.352643 0.138878 0.00461934 0.000747686 
0.296181 0.0868682 0.0111561 0.0863179 0.00188842 0.0890653 0.299129 0.125964 0.0026942 0.000735923 
0.238933 0.0703429 0.00738921 0.0598109 0.00398718 0.0770579 0.301519 0.237026 0.00320303 0.000731083 
0.207428 0.0629316 0.0150635 0.0641545 0.00154265 0.118806 0.287152 0.238588 0.00327533 0.00105854 
0.259043 0.097306 0.00822503 0.0811858 0.0028134 0.0743238 0.317578 0.155321 0.00300814 0.00119613 
0.234254 0.0871918 0.0207166 0.0713965 0.00816707 0.0826167 0.282149 0.2069 0.00565649 0.000952296 
0.222676 0.0748368 0.01176 0.0787876 0.00298217 0.0998958 0.314635 0.189269 0.00396804 0.00119004 
0.32146 0.048554 0.0102073 0.0536928 0.00149779 0.0784166 0.263194 0.219511 0.00280134 0.000665259 
0.239913 0.0712481 0.00477256 0.0316669 0.002052 0.0389391 0.122941 0.486301 0.00173423 0.000431762 
0.233047 0.0695502 0.0118285 0.0732569 0.00190286 0.0881515 0.283495 0.232732 0.00518425 0.000852336 
0.25446 0.0908842 0.0108853 0.0856052 0.0018158 0.0894178 0.29633 0.163266 0.00422225 0.00311379 
0.247768 0.0809657 0.0130673 0.0609461 0.00215853 0.101484 0.341269 0.148568 0.00292324 0.000850337 
0.189082 0.077628 0.0110379 0.103191 0.00231216 0.0873753 0.334888 0.190345 0.00335851 0.000782879 
0.295663 0.076306 0.0109318 0.0666002 0.00197743 0.0969345 0.283799 0.163572 0.00319211 0.00102489 
0.270623 0.0693553 0.0498594 0.0964457 0.00245106 0.0796466 0.297926 0.129066 0.00331628 0.00131127 
0.227013 0.0924755 0.00888683 0.0737345 0.0022388 0.0858419 0.369361 0.136163 0.00322586 0.00106049 
0.199428 0.0834436 0.0112187 0.0816191 0.00287965 0.0971931 0.363531 0.156526 0.00330346 0.000857568 
0.246959 0.0628683 0.0130775 0.0678738 0.00270433 0.0878961 0.383334 0.130524 0.00394507 0.000817611 
0.186207 0.100125 0.00956095 0.13405 0.0132302 0.0836422 0.271901 0.196781 0.00228124 0.00222189 
0.241743 0.0997381 0.0101996 0.0601157 0.00163347 0.114126 0.334595 0.134271 0.0026646 0.000912764 
0.303896 0.080583 0.00877574 0.0562306 0.00218004 0.0876059 0.338891 0.11418 0.00638254 0.00127555 
0.249531 0.0930584 0.0120249 0.0742716 0.00222486 0.0991598 0.318218 0.146447 0.00378823 0.00127686 
0.212146 0.0861503 0.00897097 0.0552608 0.00188805 0.0839423 0.438807 0.109607 0.00238437 0.000843457 
0.320251 0.0961424 0.0143782 0.0588986 0.00168881 0.0702339 0.333729 0.0993398 0.00468697 0.000651238 
0.251435 0.0720373 0.00980738 0.0642959 0.00146922 0.0911821 0.317334 0.187568 0.00269582 0.00217555 
0.119059 0.0625355 0.0173877 0.0431783 0.00468537 0.0478375 0.494438 0.203632 0.00666987 0.000576492 
0.233625 0.0570804 0.0132417 0.108385 0.00196137 0.0966592 0.292731 0.192309 0.00308962 0.000917623 
0.279299 0.1538 0.0202872 0.0552598 0.00138684 0.0970377 0.158099 0.228747 0.00473992 0.00134416 
0.202212 0.0800478 0.012571 0.0712174 0.00192756 0.0614765 0.448037 0.119014 0.0023723 0.0011255 
0.23376 0.0643628 0.0136334 0.102595 0.00280944 0.0990009 0.294471 0.18255 0.00569837 0.00111975 
0.0954885 0.505016 0.00522681 0.0364049 0.000977759 0.122443 0.161491 0.0710661 0.00119022 0.00069477 
0.237087 0.0772888 0.00992844 0.0737429 0.00203802 0.0961009 0.308171 0.189121 0.00520886 0.00131317 
0.215746 0.0878258 0.00297837 0.0371344 0.000918074 0.0482917 0.528203 0.0770949 0.00157879 0.000229205 
0.208917 0.0527753 0.00736114 0.137484 0.00152588 0.101638 0.309462 0.175439 0.0048958 0.0005021 
0.128307 0.437322 0.00458354 0.0421226 0.00112378 0.0768588 0.2307 0.0768268 0.00159917 0.000555664 
0.249827 0.0652862 0.0146614 0.0666437 0.00201168 0.147 0.269124 0.179099 0.00514798 0.00120021 
0.201711 0.0956119 0.00969846 0.0750888 0.00177893 0.109419 0.323771 0.179312 0.00266759 0.000941962 
0.194848 0.145516 0.0133057 0.0915289 0.00597222 0.101978 0.240306 0.200259 0.00424534 0.00204183 
0.208591 0.0426409 0.0200085 0.175824 0.00277799 0.091464 0.180461 0.273895 0.0026649 0.00167155 
0.159227 0.0348106 0.00912298 0.044255 0.0035563 0.0475303 0.610046 0.0882912 0.00237897 0.000781762 
0.278144 0.0854769 0.0245321 0.125322 0.00282175 0.127496 0.209284 0.140773 0.00511013 0.00104043 
0.227629 0.0682524 0.008757 0.0880288 0.00202178 0.113485 0.330294 0.157782 0.00289809 0.000851916 
0.216354 0.0858887 0.0089878 0.0591064 0.00232607 0.0812301 0.434629 0.107653 0.00265229 0.00117188 
0.000963277 0.000665147 0.000379376 0.000828113 9.87752e-05 0.000926125 0.995103 0.000793707 0.000159533 8.27667e-05 
0.268425 0.0743417 0.012402 0.0682267 0.0016967 0.102749 0.324881 0.142192 0.00407054 0.0010155 
0.21427 0.0794971 0.0142563 0.0839829 0.00208505 0.0963417 0.380667 0.124337 0.00384389 0.000719053 
0.236534 0.0834311 0.00840121 0.0748948 0.001767 0.093934 0.317462 0.172248 0.010294 0.00103343 
0.244699 0.0712142 0.0102741 0.0811511 0.0021753 0.0960011 0.343051 0.146148 0.00431489 0.000971182 
0.285074 0.0514244 0.0196143 0.0450354 0.00154101 0.0583973 0.414864 0.120668 0.00219491 0.00118721 
0.21042 0.0683941 0.0114769 0.07795 0.00254329 0.107863 0.362868 0.154139 0.00308993 0.00125607 
0.261923 0.0627451 0.0405561 0.0667461 0.0125504 0.0818427 0.198265 0.246452 0.0167333 0.0121868 
0.219827 0.0899438 0.00983963 0.0737529 0.00156133 0.0921006 0.325022 0.183841 0.00308089 0.00103185 
0.233369 0.0585827 0.0117575 0.0671105 0.00414614 0.0997148 0.272491 0.248435 0.00339679 0.000997222 
0.218698 0.0824951 0.00980167 0.103305 0.00166374 0.119203 0.30229 0.159095 0.00266763 0.000781548 
0.261923 0.0627451 0.0405561 0.0667461 0.0125504 0.0818427 0.198265 0.246452 0.0167333 0.0121868 
0.192665 0.0565398 0.00995515 0.068937 0.00199861 0.0789345 0.292891 0.294159 0.00297487 0.000944726 
0.208217 0.130992 0.0206423 0.155198 0.00236241 0.0832736 0.282489 0.113703 0.00235287 0.000770186 
0.209423 0.0705549 0.00857911 0.0788713 0.0020066 0.173435 0.320168 0.133704 0.00246565 0.000792597 
0.172392 0.166576 0.00631858 0.103256 0.00463436 0.0819309 0.320756 0.13652 0.00678511 0.000830932 
0.250082 0.0757015 0.0106277 0.0959112 0.00193036 0.0862704 0.292529 0.182239 0.00401753 0.000690872 
0.192189 0.0501223 0.00987837 0.0599092 0.0018552 0.0817981 0.505852 0.0951435 0.00268523 0.000567368 
0.244943 0.08917 0.0153907 0.0923879 0.00272444 0.0940455 0.29665 0.159519 0.00408292 0.00108637 
0.264312 0.0567564 0.010572 0.0456791 0.00195026 0.0908681 0.379715 0.142974 0.00644931 0.000723814 
0.279516 0.0622529 0.0203882 0.070772 0.00972022 0.0911266 0.305387 0.156384 0.00331945 0.0011336 
0.153696 0.0522346 0.0611435 0.0553375 0.00117342 0.055447 0.257535 0.360129 0.00259581 0.000708607 
0.261877 0.0822865 0.00775551 0.0644399 0.00569321 0.117989 0.319143 0.136455 0.00373297 0.000627813 
0.19624 0.196025 0.0339936 0.038034 0.00917108 0.0589193 0.341016 0.121534 0.0022333 0.00283355 
0.175001 0.0598097 0.0092246 0.137851 0.00194867 0.178008 0.282271 0.135604 0.00525769 0.0150235 
0.215839 0.0589163 0.00781196 0.0564218 0.00154431 0.171961 0.37441 0.109067 0.00302786 0.00100017 
0.204618 0.0694845 0.0112903 0.0684383 0.00256826 0.0868727 0.320014 0.229743 0.00374528 0.00322568 
0.253331 0.0881566 0.0116417 0.0671761 0.00237195 0.102147 0.319846 0.150936 0.00321882 0.001174 
0.261923 0.0627451 0.0405561 0.0667461 0.0125504 0.0818427 0.198265 0.246452 0.0167333 0.0121868 
0.156062 0.0385184 0.00851441 0.0528098 0.00228629 0.0521294 0.247981 0.1146 0.326199 0.000900063 
0.0374874 0.138515 0.00738011 0.0177982 0.000871099 0.0192132 0.0960103 0.681575 0.000853895 0.00029563 
0.187657 0.0535884 0.0080716 0.110931 0.00173538 0.169556 0.264133 0.176812 0.0267813 0.000734871 
0.253872 0.0633291 0.0133231 0.0974427 0.00334897 0.104444 0.263655 0.196394 0.00323845 0.000951925 
0.181822 0.0606154 0.0101106 0.0558245 0.00213386 0.107864 0.283768 0.292468 0.00455039 0.000843612 
0.211361 0.106524 0.0110501 0.086017 0.00311837 0.0856931 0.333752 0.158735 0.00287898 0.000870071 
0.225146 0.0776505 0.0114555 0.068327 0.00160642 0.0926972 0.365358 0.152882 0.00400843 0.000868432 
0.245367 0.0955637 0.00768763 0.0636069 0.00152158 0.101714 0.347381 0.133685 0.00260131 0.000871613 
0.0784765 0.103986 0.00352526 0.0241538 0.00106504 0.0358139 0.361062 0.388204 0.000962231 0.00275128 
0.295769 0.0649419 0.00907507 0.0857311 0.00224491 0.106926 0.291106 0.14053 0.0027536 0.000922536 
0.195189 0.148955 0.0275307 0.0663672 0.00983475 0.0993059 0.288606 0.142084 0.0152424 0.00688516 
0.214233 0.0725359 0.0412254 0.0753692 0.0128933 0.115889 0.311719 0.120431 0.021677 0.0140269 
0.283163 0.0676236 0.010775 0.0769306 0.00179016 0.0749884 0.335287 0.145613 0.00294691 0.000882859 
0.262353 0.0768589 0.0118074 0.0783443 0.00251348 0.097348 0.299571 0.166363 0.00366429 0.00117737 
0.100008 0.0999952 0.0999919 0.099995 0.0999997 0.0999971 0.100009 0.100004 0.0999987 0.100001 
0.258923 0.0849937 0.0108085 0.0692253 0.00228145 0.105533 0.302137 0.162563 0.00268285 0.000852671 
0.12061 0.0293159 0.0677594 0.0346903 0.000593992 0.384936 0.206436 0.146541 0.00767429 0.00144245 
0.306761 0.0817876 0.00666118 0.0741325 0.00259885 0.102477 0.316713 0.105083 0.00183966 0.00194555 
0.281834 0.0703154 0.0107571 0.0664587 0.00234387 0.0834677 0.349551 0.13146 0.0026811 0.00113053 
0.228699 0.0746977 0.0132551 0.0823793 0.00155183 0.0742307 0.359117 0.162728 0.00245599 0.00088626 
0.250175 0.0752957 0.0113692 0.0668888 0.00267581 0.113911 0.316414 0.159729 0.00259967 0.000941823 
0.236142 0.103678 0.00949448 0.0829947 0.00488976 0.0991367 0.32528 0.133766 0.00320748 0.00141217 
0.208194 0.0709606 0.00866125 0.0432397 0.00145267 0.183444 0.380774 0.100367 0.0019246 0.000981753 
0.435583 0.0451919 0.00901888 0.0432991 0.00106963 0.0596356 0.2899 0.114284 0.0015129 0.000505225 
0.22379 0.085556 0.00999194 0.0911317 0.00201448 0.088901 0.338656 0.155551 0.00344507 0.000963319 
0.200433 0.0704393 0.00816728 0.118638 0.00235458 0.105623 0.352197 0.138779 0.00198597 0.00138301 
0.29115 0.117341 0.00850433 0.105237 0.00171589 0.070082 0.261445 0.136991 0.00248245 0.00504956 
0.344578 0.0874761 0.0135016 0.0686901 0.002162 0.0867703 0.252178 0.14041 0.00328966 0.000943054 
0.152927 0.138309 0.0238892 0.0584621 0.00139088 0.0578705 0.262582 0.273655 0.0300805 0.000834007 
0.1746 0.085331 0.0156674 0.0833725 0.00517671 0.0867316 0.347247 0.187604 0.00965317 0.00461721 
0.000301555 0.947292 7.40383e-05 0.0515153 3.7665e-05 0.000214274 0.000251873 0.000253289 3.94123e-05 2.07944e-05 
0.298815 0.0674346 0.0101204 0.0659897 0.00313344 0.103066 0.282007 0.165578 0.00282608 0.00103107 
0.192483 0.0946084 0.0138105 0.0590004 0.00242017 0.0949052 0.354133 0.184941 0.00262365 0.00107483 
0.230567 0.0862953 0.011511 0.11026 0.00257329 0.103931 0.299289 0.150242 0.00427554 0.00105633 
0.262702 0.105962 0.0126554 0.095853 0.00181366 0.0805623 0.237259 0.192005 0.0100027 0.00118516 
4.03473e-08 1.04784e-07 0.000483254 1.0482e-07 0.999222 9.38096e-08 0.00025892 3.51349e-05 8.50295e-08 7.30558e-08 
0.162565 0.0413838 0.0104404 0.0465671 0.00148998 0.0856812 0.539472 0.109679 0.00204543 0.00067663 
0.238227 0.0898704 0.0115914 0.0588533 0.00213054 0.125263 0.330598 0.136082 0.00346655 0.00391764 
0.325553 0.070379 0.00979424 0.0695421 0.00171997 0.096699 0.270684 0.151399 0.00335811 0.000872469 
0.218361 0.0570266 0.00932811 0.0778302 0.00209905 0.0806732 0.351753 0.198962 0.0028789 0.0010885 
0.204425 0.0850936 0.0179249 0.0648853 0.0018449 0.0922942 0.333542 0.194203 0.00463632 0.00115121 
0.248566 0.0780552 0.0109651 0.0733392 0.00225871 0.122099 0.293103 0.166879 0.00354122 0.00119313 
0.193655 0.0981027 0.0101872 0.0943349 0.00225532 0.0768009 0.341487 0.172125 0.00286933 0.00818247 
0.156598 0.0593225 0.0081403 0.0496747 0.0011927 0.307676 0.230949 0.11201 0.0700107 0.00442611 
0.0991426 0.0696267 0.0107758 0.0557619 0.00177191 0.0926897 0.534401 0.130596 0.00468603 0.000548587 
0.255867 0.0786471 0.0129587 0.0846653 0.00280815 0.12982 0.266135 0.16428 0.00381144 0.00100806 
0.190087 0.0672259 0.00951907 0.0572333 0.00163305 0.0791764 0.47121 0.120037 0.00300444 0.000873358 
0.21955 0.0584633 0.00958653 0.0772308 0.00283544 0.123445 0.388444 0.117134 0.00258544 0.00072491 
0.25877 0.0229589 0.0241991 0.0651506 0.00651679 0.0946252 0.350617 0.162268 0.00496549 0.00992968 
0.25347 0.0913765 0.00982141 0.0863882 0.00416247 0.0949272 0.306026 0.147618 0.00517872 0.00103153 
0.137224 0.0411363 0.0220077 0.0462058 0.00144883 0.350143 0.327447 0.0729633 0.000981647 0.000443109 
0.258525 0.0484597 0.0108683 0.0787111 0.00166897 0.0949155 0.238698 0.26526 0.00206299 0.000831134 
0.0874967 0.0890862 0.00348019 0.0205031 0.000624282 0.0738267 0.657815 0.0662705 0.000776739 0.00012066 
0.216772 0.0827786 0.0138207 0.0860674 0.00242579 0.120919 0.315928 0.152261 0.00764776 0.00138024 
0.217049 0.0829863 0.00958263 0.115833 0.00270367 0.0866549 0.310913 0.166229 0.00705476 0.000993156 
0.127123 0.0486592 0.00580316 0.0143203 0.00302488 0.0714305 0.160351 0.565203 0.0038431 0.000242844 
0.227544 0.0694009 0.0101252 0.0757456 0.00213137 0.102023 0.339651 0.169607 0.002887 0.000886006 
0.226963 0.0534627 0.00990351 0.063486 0.00178296 0.0743724 0.37978 0.186797 0.00262344 0.000828653 
0.234631 0.0748604 0.0131773 0.0788532 0.00206164 0.105136 0.299993 0.186765 0.00371867 0.000803782 
0.139157 0.104987 0.00839352 0.107697 0.00192205 0.146466 0.348267 0.138663 0.00356795 0.000880493 
0.180653 0.0505612 0.0137082 0.0819823 0.00193608 0.0719729 0.229186 0.359251 0.00963408 0.00111525 
0.263842 0.0931823 0.0136364 0.0744299 0.00234494 0.102138 0.290603 0.154747 0.0040776 0.000998153 
0.245556 0.0645825 0.0107929 0.0700009 0.00229506 0.0923984 0.364172 0.146195 0.0030626 0.000944239 
0.225063 0.0718217 0.0084801 0.0654696 0.00241691 0.127045 0.327275 0.168105 0.00353242 0.000791101 
0.289529 0.0698276 0.0106356 0.0700112 0.0022847 0.0709858 0.334245 0.148596 0.00286839 0.00101709 
0.00010628 0.425173 0.148874 0.000106266 0.0213605 0.000106268 0.0426188 0.361442 0.00010627 0.000106273 
0.288679 0.0811668 0.00798946 0.122776 0.00224185 0.116548 0.214993 0.162459 0.00242791 0.000719174 
0.00128494 0.0192951 0.000677574 0.00419484 0.000379927 0.00548922 0.0070264 0.320025 0.641405 0.000221295 
0.0374874 0.138515 0.00738011 0.0177982 0.000871099 0.0192132 0.0960103 0.681575 0.000853895 0.00029563 
0.223071 0.0882168 0.00891465 0.0675534 0.00437857 0.0990158 0.30679 0.198317 0.00296976 0.000773638 
0.370939 0.108534 0.00720179 0.064005 0.00135823 0.0874642 0.220619 0.135378 0.00275483 0.0017458 
0.23003 0.0614918 0.0100767 0.066503 0.00205596 0.071154 0.376908 0.177803 0.00295635 0.00102079 
0.0233511 0.00643969 0.00116099 0.00726878 0.000347061 0.468048 0.147664 0.344153 0.000457121 0.00110977 
0.194249 0.152975 0.00900987 0.0861464 0.0016432 0.0786329 0.341818 0.132094 0.0027474 0.000684823 
0.384792 0.0621516 0.00850783 0.0580028 0.00391626 0.183099 0.187306 0.105121 0.00424348 0.00285935 
0.255771 0.088539 0.0109676 0.066137 0.00233716 0.118832 0.316463 0.136889 0.00320882 0.000855195 
0.231097 0.0712071 0.0108315 0.0678405 0.00578264 0.0800071 0.316491 0.211911 0.00385106 0.000980251 
0.213781 0.0668781 0.010187 0.082671 0.00339827 0.118729 0.342081 0.157947 0.00325549 0.00107322 
0.151204 0.0619544 0.0139771 0.0748397 0.0033087 0.10155 0.42921 0.159811 0.00302287 0.00112212 
0.261923 0.0627451 0.0405561 0.0667461 0.0125504 0.0818427 0.198265 0.246452 0.0167333 0.0121868 
0.27521 0.0809202 0.0262221 0.0768169 0.00201758 0.127797 0.26911 0.138604 0.00236326 0.000938901 
0.250868 0.0844055 0.0106037 0.0824162 0.00200703 0.102241 0.323468 0.139129 0.00375073 0.00111105 
0.290949 0.0662008 0.00853422 0.0891409 0.00256782 0.0975702 0.309322 0.129171 0.00568432 0.000859929 
0.242462 0.0449842 0.00527973 0.0472706 0.00138952 0.057419 0.480154 0.119181 0.00149217 0.0003674 
0.216403 0.0588337 0.0111259 0.0715487 0.00226613 0.131183 0.330949 0.171041 0.00592167 0.000728654 
0.316633 0.0699932 0.016032 0.0874361 0.00247752 0.0719846 0.26327 0.167297 0.00376005 0.00111596 
0.19627 0.0776134 0.0140684 0.0897461 0.00216924 0.108451 0.260191 0.247252 0.00275507 0.00148443 
0.188372 0.0913141 0.0106572 0.0665483 0.00430767 0.0894725 0.345318 0.199661 0.00333352 0.00101602 
0.238678 0.0674263 0.00945644 0.081118 0.00215719 0.0865528 0.329092 0.181688 0.00303381 0.000796694 
0.233845 0.0719232 0.0105318 0.0759544 0.00242152 0.0800994 0.335048 0.185793 0.00343569 0.000948214 
0.217381 0.0793829 0.011654 0.0747153 0.00281283 0.0969701 0.314561 0.198578 0.00309439 0.000851145 
0.250545 0.0711393 0.00862644 0.0847456 0.00277207 0.103916 0.346663 0.127446 0.0032017 0.000945865 
0.183963 0.0747029 0.00916519 0.0900683 0.00153146 0.0873891 0.375415 0.168902 0.00671535 0.00214676 
0.189726 0.0658361 0.00937328 0.0649061 0.0021605 0.107983 0.413306 0.135244 0.00416607 0.00729884 
0.379254 0.0548187 0.00807595 0.0950425 0.00255002 0.0847996 0.207762 0.163348 0.00367016 0.000678795 
0.227663 0.0864456 0.0109573 0.0761651 0.00305468 0.117012 0.322106 0.151812 0.00358514 0.00119869 
0.242443 0.0752672 0.0110758 0.0793467 0.00205914 0.092342 0.324871 0.168137 0.00347529 0.000983108 
0.190642 0.0450699 0.0104864 0.173957 0.00177531 0.122803 0.137351 0.313727 0.00362177 0.000566383 
0.384452 0.0953934 0.00878641 0.0323017 0.00158848 0.0703148 0.333717 0.0712915 0.00146051 0.000694132 
0.240035 0.0607795 0.0128144 0.146618 0.00246971 0.0855611 0.291737 0.155674 0.00297333 0.00133742 
0.304626 0.0680544 0.0304518 0.116027 0.00267729 0.0761639 0.230566 0.165576 0.0049378 0.000919425 
0.219968 0.0934642 0.00990654 0.0743616 0.00213232 0.0785454 0.365586 0.152513 0.00273409 0.000788932 
0.217953 0.0956511 0.0086889 0.0539199 0.00329277 0.12101 0.26025 0.234532 0.00382157 0.000880301 
0.209544 0.0781394 0.0131193 0.0832458 0.00238118 0.122029 0.262185 0.224363 0.00398849 0.00100429 
0.275472 0.0627969 0.0110176 0.0598043 0.00166741 0.111924 0.278196 0.195147 0.00281858 0.00115688 
0.290343 0.485829 0.0715173 0.0353921 0.00259908 0.0281349 0.0448863 0.0309922 0.000975947 0.00933043 
0.304999 0.0724365 0.00969722 0.0804228 0.0020326 0.0961093 0.302104 0.127754 0.00318721 0.0012571 
0.209365 0.100381 0.0101272 0.0746319 0.00215981 0.17236 0.263581 0.164221 0.00237546 0.00079657 
0.11505 0.170594 0.170198 0.0362742 0.00288705 0.0543146 0.22661 0.197112 0.0265364 0.000424034 
0.207854 0.066747 0.0105137 0.0717203 0.00208645 0.0821301 0.389246 0.165978 0.0026647 0.0010592 
0.155174 0.12667 0.00765552 0.0883403 0.00100714 0.0661257 0.218561 0.33371 0.00229175 0.000464374 
0.265946 0.072573 0.0108579 0.0702108 0.00260896 0.0880543 0.341268 0.143913 0.00368986 0.000877756 
3.77207e-08 0.999841 6.78651e-05 1.96973e-05 2.99884e-05 8.77028e-08 2.88137e-08 5.46551e-08 7.94942e-08 4.10483e-05 
0.292096 0.0886523 0.0184587 0.0588864 0.00219038 0.0859535 0.313374 0.136782 0.00273052 0.000877025 
0.226023 0.0728909 0.0121694 0.082571 0.00269651 0.124849 0.325 0.148036 0.00461282 0.00115096 
0.189137 0.0608747 0.00791137 0.06634 0.00199745 0.0759669 0.39337 0.12734 0.003628 0.0734337 
0.292765 0.0760632 0.00991076 0.0954 0.00320904 0.102424 0.30261 0.112623 0.00407916 0.000915911 
0.174764 0.0672532 0.0104576 0.0527267 0.00165169 0.0774362 0.254829 0.110253 0.16384 0.0867887 
0.149195 0.0368562 0.0069503 0.297905 0.00202764 0.109434 0.27293 0.120924 0.00160989 0.00216887 
0.247674 0.0703375 0.011147 0.0996221 0.00304407 0.118716 0.301103 0.144446 0.00302233 0.000887353 
0.278265 0.0590251 0.00810352 0.0896121 0.0021282 0.10646 0.301917 0.150378 0.00284925 0.00126263 
0.161499 0.062763 0.010648 0.0928033 0.00250278 0.0999778 0.393135 0.17231 0.00305524 0.0013053 
0.261923 0.0627451 0.0405561 0.0667461 0.0125504 0.0818427 0.198265 0.246452 0.0167333 0.0121868 
0.170461 0.0905841 0.0147602 0.0562379 0.00182864 0.0753725 0.444178 0.140378 0.00544686 0.000753039 
0.223085 0.0469019 0.0061079 0.0841781 0.00255842 0.114912 0.415881 0.0985794 0.00696676 0.000829407 
0.261923 0.0627451 0.0405561 0.0667461 0.0125504 0.0818427 0.198265 0.246452 0.0167333 0.0121868 
0.30106 0.0469817 0.0149659 0.0542749 0.00139983 0.0438656 0.430202 0.105209 0.00160507 0.000436173 
0.131784 0.031191 0.0048046 0.0389657 0.00125107 0.0501261 0.651186 0.0834302 0.00693815 0.000322456 
0.254444 0.0660439 0.0123837 0.0879295 0.00257476 0.105529 0.315411 0.151253 0.00335843 0.00107332 
0.170953 0.0529991 0.0164812 0.133658 0.00119191 0.0880181 0.299796 0.233593 0.00246191 0.000847729 
0.199704 0.0948034 0.0165915 0.057311 0.0029262 0.0501575 0.411187 0.162154 0.00431734 0.000848111 
0.087719 0.0342228 0.187315 0.0136956 6.3907e-06 0.198549 0.217078 0.253065 0.00817887 0.000170363 
0.178305 0.0663966 0.0101938 0.0826889 0.144199 0.0729774 0.251982 0.189826 0.00274483 0.000687074 
0.261923 0.0627451 0.0405561 0.0667461 0.0125504 0.0818427 0.198265 0.246452 0.0167333 0.0121868 
0.000552953 2.64183e-06 4.05969e-05 0.000458886 0.00027558 0.000614843 0.000106179 0.997918 2.85796e-05 1.84191e-06 
0.150863 0.261028 0.0715219 0.0389609 0.000376687 0.0560829 0.176519 0.238264 0.00524035 0.00114382 
0.11569 0.100066 0.00984598 0.0615218 0.0039357 0.10025 0.101142 0.122692 0.38358 0.00127537 
0.172827 0.0287414 0.0244398 0.0546777 0.000974609 0.0854673 0.122746 0.133776 0.00308485 0.373265 
0.236265 0.0749685 0.0145755 0.0867707 0.00194554 0.102472 0.292651 0.184311 0.0047618 0.00127965 
0.224511 0.0955308 0.0118593 0.0980868 0.00277823 0.077159 0.299841 0.180942 0.00788656 0.00140514 
0.130767 0.0290176 0.00462442 0.0290051 0.00127691 0.568778 0.146806 0.0880571 0.00127474 0.000392776 
0.440482 0.0584123 0.010488 0.124905 0.0015531 0.0625397 0.201242 0.0966703 0.00264775 0.00105993 
0.210954 0.0662718 0.011855 0.0570559 0.00166472 0.147106 0.324391 0.177117 0.00251232 0.00107234 
0.270052 0.144854 0.0150028 0.134541 0.0182856 0.102198 0.228798 0.0576669 0.0140662 0.0145353 
0.376994 0.0193361 0.00400928 0.0260881 0.000370597 0.51799 0.0285936 0.0227523 0.00378296 8.3247e-05 
0.241883 0.0855442 0.0122205 0.0645949 0.00222924 0.10301 0.343347 0.142945 0.00299238 0.001234 
0.217454 0.085349 0.00785052 0.0742215 0.00195326 0.134217 0.333427 0.141442 0.00319194 0.00089368 
0.237862 0.0603811 0.0127515 0.0916468 0.00233523 0.114301 0.349426 0.128428 0.00207108 0.000796978 
0.219558 0.0723205 0.012679 0.0893599 0.00229317 0.0870647 0.265136 0.247218 0.00335468 0.0010154 
0.0855336 0.502208 0.00853392 0.0354946 0.00174902 0.0274283 0.235689 0.0638997 0.00258119 0.0368827 
0.249544 0.0881202 0.01728 0.0669387 0.00212615 0.113979 0.273293 0.184313 0.00357328 0.000832199 
0.286529 0.0623853 0.0128673 0.0812831 0.00240874 0.111091 0.296212 0.141113 0.00473744 0.00137288 
0.226672 0.0861346 0.0120714 0.0688903 0.00146022 0.0905901 0.341622 0.169062 0.00258454 0.00091327 
0.221849 0.0667177 0.012723 0.078196 0.00197235 0.0849419 0.372776 0.15617 0.00380069 0.000853989 
0.172835 0.0657348 0.00711868 0.0529088 0.0048567 0.110388 0.473141 0.109774 0.00208316 0.00116058 
0.237698 0.0743025 0.0126552 0.0705025 0.00211809 0.0835792 0.302999 0.212291 0.00302166 0.000833122 
0.238041 0.0725919 0.0163813 0.0705576 0.00995825 0.0805167 0.355942 0.14284 0.00728137 0.00588958 
0.282873 0.0894498 0.0134471 0.0896725 0.00227448 0.0933443 0.294645 0.129604 0.00370229 0.000987936 
0.25363 0.0651268 0.00965244 0.0843067 0.00244823 0.118157 0.266317 0.196686 0.00283783 0.000837258 
0.544418 0.0135102 0.00019335 0.141616 0.000716518 0.0209689 0.151749 0.125541 0.000341869 0.000944953 
0.268364 0.0645391 0.0332343 0.0650641 0.00355235 0.069057 0.33465 0.157368 0.00337143 0.000799411 
0.17215 0.0599679 0.00737472 0.0549405 0.00216028 0.0680014 0.477706 0.154208 0.00267364 0.000818296 
0.226634 0.0823911 0.0106414 0.0708275 0.0027634 0.0963352 0.360324 0.146851 0.00211801 0.00111416 
0.325146 0.0691311 0.00922414 0.067428 0.00487833 0.165921 0.249809 0.105603 0.0018324 0.00102691 
0.2238 0.0595124 0.0110206 0.0929091 0.00351991 0.123799 0.350967 0.128244 0.00523879 0.000989047 
5.27081e-05 0.0670172 0.00865143 0.131031 9.146e-06 0.242994 4.68854e-05 0.549323 1.11276e-05 0.000863098 
0.359738 0.0289087 0.00535767 0.0792221 0.0074992 0.0888584 0.320129 0.107064 0.00107589 0.00214648 
0.261923 0.0627451 0.0405561 0.0667461 0.0125504 0.0818427 0.198265 0.246452 0.0167333 0.0121868 
0.198236 0.0720496 0.00606909 0.0409358 0.148751 0.101724 0.26964 0.159562 0.00231308 0.000719293 
0.464543 0.0613589 0.0133301 0.0763377 0.00254895 0.0820601 0.144434 0.151396 0.00290636 0.00108507 
0.0928113 0.0732585 0.0191082 0.034794 0.000525324 0.071395 0.33704 0.367229 0.00334086 0.000497933 
0.238737 0.0589607 0.0123168 0.0910127 0.00294664 0.0994849 0.350362 0.141695 0.00368784 0.000796319 
0.128828 0.0509922 0.0200049 0.120761 0.00193256 0.106054 0.271794 0.295253 0.00231466 0.00206635 
0.51904 0.0484607 0.00723411 0.0455552 0.00129429 0.0444066 0.219512 0.112821 0.00110121 0.000574739 
0.269499 0.0719746 0.0135336 0.119679 0.00188162 0.0838467 0.262185 0.173495 0.00288295 0.00102282 
0.187237 0.0827418 0.00947404 0.0439742 0.00222145 0.0732441 0.255585 0.128099 0.00321655 0.214207 
0.250535 0.0805299 0.0121456 0.0821824 0.00214518 0.101181 0.31519 0.152037 0.00314783 0.000905965 
0.264403 0.0663519 0.00823432 0.0615999 0.00293955 0.0981465 0.368929 0.12469 0.00359313 0.00111248 
0.223647 0.0759186 0.0103418 0.082289 0.00231276 0.0961472 0.350041 0.154965 0.00327692 0.00106045 
0.157276 0.0858299 0.00663991 0.0608347 0.00150468 0.111172 0.461906 0.112014 0.00219265 0.000629673 
0.225423 0.0649016 0.0090572 0.11132 0.0055511 0.125398 0.339768 0.110178 0.00693542 0.00146796 
0.222929 0.0770384 0.01071 0.0729843 0.00230596 0.0900831 0.362703 0.156808 0.00343516 0.00100383 
0.217592 0.079045 0.0165861 0.100822 0.0182226 0.109155 0.339 0.114332 0.00390886 0.0013364 
0.252058 0.0681465 0.00953769 0.0678054 0.00237931 0.101986 0.330807 0.163287 0.00314412 0.000848803 
0.162001 0.0437279 0.100228 0.0767991 0.189705 0.106256 0.246569 0.0712706 0.00271707 0.00072511 
0.0737443 0.127949 0.00419582 0.0204685 0.00072492 0.0144285 0.159708 0.0275069 0.570982 0.000292399 
0.146535 0.0489248 0.00722233 0.336715 0.00122309 0.0419111 0.339158 0.07562 0.00221852 0.000471432 
0.265676 0.0537132 0.00944794 0.0676889 0.00270813 0.0986293 0.30121 0.197237 0.00290873 0.000780711 
0.292561 0.130029 0.00838223 0.0465581 0.00231391 0.0781647 0.207177 0.232003 0.00213311 0.000678182 
0.222568 0.129015 0.00324099 0.0612907 0.022592 0.0451666 0.435448 0.0580706 0.0193667 0.00324129 
0.233475 0.0697256 0.00781803 0.100605 0.00120586 0.159263 0.281126 0.143243 0.00272636 0.000812077 
0.189451 0.0688615 0.0454182 0.047841 0.00149918 0.0630558 0.304438 0.198927 0.00220014 0.078308 
0.190029 0.231145 0.0108747 0.0695345 0.00542875 0.0641452 0.305934 0.119601 0.00272305 0.000585022 
0.246089 0.0795608 0.0127845 0.0927288 0.00245629 0.105645 0.295441 0.16039 0.00381028 0.00109388 
0.280589 0.0885892 0.0106468 0.0711162 0.00258435 0.102268 0.263466 0.176624 0.00319306 0.000924052 
0.373303 0.106386 0.00951962 0.0666273 0.00229106 0.0744395 0.225428 0.136896 0.00437177 0.000737827 
0.240507 0.069247 0.00882263 0.093769 0.00217246 0.100085 0.334503 0.145861 0.00416897 0.000863698 
0.24167 0.0703104 0.0117309 0.0877106 0.00265475 0.0902101 0.336652 0.154025 0.00397679 0.00105973 
