0.0465865 0.0353845 0.0619936 0.0558689 0.0467476 0.0477182 0.0600908 0.051807 0.0556286 0.0414224 0.0771096 0.0486699 0.0489347 0.048051 0.0557488 0.0471403 0.0383204 0.0534124 0.0402834 0.0390815 
0.0422978 0.0563639 0.0515497 0.0420242 0.0491701 0.0450067 0.0490695 0.0556803 0.0575461 0.0488169 0.0494701 0.0478699 0.0536375 0.0482769 0.0482393 0.0520205 0.0591497 0.0407027 0.0581319 0.0449764 
0.026896 0.0260923 0.0386072 0.065718 0.03555 0.0654898 0.0288732 0.0291495 0.0264529 0.0559088 0.0827678 0.182753 0.0399863 0.0260642 0.0358405 0.0273555 0.0221954 0.115245 0.0388572 0.0301977 
0.0394171 0.0327812 0.0379511 0.0567991 0.0328349 0.0595422 0.0476586 0.0455188 0.0644253 0.0308489 0.0849123 0.0515971 0.0462055 0.0436951 0.0426472 0.0335512 0.0375532 0.0842974 0.0329712 0.0947927 
0.0556188 0.0539932 0.0447221 0.0437384 0.0486254 0.0607768 0.0480285 0.0476023 0.0331177 0.0674541 0.0488415 0.0592441 0.0384158 0.0325219 0.0425859 0.0473199 0.0556779 0.0599769 0.0619731 0.0497657 
0.0361096 0.0440795 0.044792 0.0604344 0.045973 0.0347024 0.0313808 0.0465911 0.0371711 0.0677053 0.0832237 0.0864927 0.0760832 0.0297725 0.0519237 0.0238741 0.0632793 0.0560775 0.0424279 0.0379061 
0.0382796 0.0291457 0.0438863 0.0461413 0.0466421 0.0387941 0.0397788 0.078613 0.0328917 0.0337663 0.099255 0.048203 0.0512564 0.0294547 0.0243451 0.0337325 0.0335175 0.12095 0.0899861 0.0413611 
0.0423838 0.0304429 0.0324242 0.0514046 0.0461495 0.0466889 0.0522731 0.0377365 0.070315 0.0694018 0.0678717 0.0923425 0.0347113 0.0374845 0.0336715 0.0434094 0.0473979 0.0471567 0.0606015 0.0561327 
0.0370997 0.0327268 0.0296564 0.0899185 0.0480951 0.0646491 0.0244354 0.0287004 0.0234292 0.0811279 0.105394 0.099718 0.0371637 0.0228366 0.0174913 0.0339777 0.0273695 0.130607 0.0263519 0.0392517 
0.052761 0.0449126 0.0464159 0.0620633 0.0514816 0.0491399 0.0458936 0.0505297 0.0680603 0.0489637 0.0503783 0.0442699 0.0457206 0.0416992 0.0480339 0.0573438 0.0467944 0.0499798 0.0495202 0.0460383 
0.0395961 0.0394941 0.0603675 0.069712 0.0726235 0.0594895 0.0398563 0.0562156 0.0362485 0.0377662 0.0900328 0.0607129 0.0434299 0.038919 0.0354009 0.027505 0.0312286 0.0777881 0.0417771 0.0418365 
0.0459645 0.0470648 0.0420586 0.0605427 0.0484639 0.0422513 0.0628783 0.0588706 0.0398758 0.034609 0.0528449 0.0433072 0.0482637 0.038085 0.0872391 0.052124 0.0518617 0.0573717 0.0425714 0.0437519 
0.0358383 0.0401551 0.0341322 0.0978121 0.0570119 0.0610902 0.0339576 0.0408644 0.0294959 0.0589543 0.0704818 0.0573157 0.040958 0.0460914 0.0488616 0.045803 0.0514912 0.0928912 0.0235216 0.0332725 
0.0368809 0.0422733 0.0426249 0.0587919 0.0482683 0.0564381 0.0679684 0.0390047 0.0380869 0.0413109 0.0910367 0.0614567 0.0542142 0.0379092 0.0504934 0.0304988 0.0358616 0.0756566 0.0425643 0.0486601 
0.0395894 0.0425722 0.0520601 0.0835518 0.0711832 0.045603 0.0313284 0.0436244 0.0434585 0.052015 0.0824432 0.0613123 0.0398253 0.0301276 0.0389523 0.036452 0.0440766 0.0896039 0.0339591 0.0382618 
0.0397857 0.0483369 0.036128 0.0634561 0.0553021 0.0699985 0.039109 0.0471637 0.0435814 0.0358029 0.0621307 0.0570712 0.107672 0.0646636 0.0453498 0.0296212 0.0265648 0.0624034 0.0413145 0.0245444 
0.0388209 0.0689479 0.0328817 0.0710289 0.0544639 0.0302306 0.0502352 0.0571932 0.0429129 0.0620161 0.0328393 0.0670334 0.0387809 0.0550443 0.0409736 0.0612947 0.0620399 0.0359575 0.0482081 0.0490969 
0.112666 0.0390229 0.0307351 0.0736121 0.0404855 0.0298445 0.0332941 0.0474331 0.0336984 0.0586117 0.050074 0.0676995 0.033201 0.0682929 0.0369182 0.0847858 0.0335285 0.0492522 0.0442574 0.0325875 
0.043876 0.0459312 0.0579744 0.0430859 0.047057 0.0371793 0.0486026 0.0469731 0.0482734 0.0505022 0.0376234 0.0329083 0.0406355 0.0502578 0.0590885 0.087862 0.0572834 0.0385957 0.0506529 0.0756374 
0.0514535 0.048728 0.0464614 0.051003 0.0627304 0.0412543 0.0447123 0.0522546 0.0478862 0.0562792 0.0486928 0.0482614 0.0405652 0.0504587 0.0602874 0.0474111 0.0542924 0.0504088 0.0471897 0.0496696 
0.0510133 0.0528029 0.0474126 0.0463136 0.0481713 0.0387287 0.0494773 0.0499564 0.0633663 0.0444222 0.0453994 0.0416055 0.0487759 0.0533495 0.0534396 0.0512494 0.0667338 0.0496452 0.0449831 0.0531538 
0.041904 0.0386098 0.0529139 0.0897189 0.0438724 0.0414001 0.0387798 0.0476758 0.0461974 0.0436618 0.0698632 0.0485594 0.0409633 0.0935439 0.0476138 0.0370133 0.0358664 0.0575416 0.0367859 0.0475154 
0.0394743 0.0544271 0.134182 0.064254 0.0295029 0.0385238 0.0127461 0.0142108 0.0362944 0.0179415 0.103698 0.061249 0.0614141 0.0122387 0.0196037 0.00885614 0.111185 0.154614 0.0100714 0.0155126 
0.0557665 0.0365778 0.0363439 0.107457 0.0524506 0.0479643 0.0440269 0.039728 0.0353605 0.0490495 0.0816848 0.0641872 0.0395521 0.0445999 0.0386441 0.0390794 0.038113 0.0584016 0.0498423 0.0411708 
0.04652 0.0484378 0.0584563 0.0421534 0.0453172 0.0354625 0.0600336 0.0778016 0.0657202 0.0452776 0.0567158 0.0431471 0.0391779 0.0452412 0.0521944 0.0519848 0.0467684 0.0451116 0.0447228 0.0497558 
0.0451196 0.0407715 0.0502697 0.057706 0.0490748 0.0393001 0.0817396 0.0404669 0.0472783 0.0783797 0.0701748 0.0518884 0.0459811 0.0382259 0.0426871 0.0418943 0.0345671 0.0694355 0.036899 0.0381408 
0.0361817 0.0329254 0.0709595 0.0827896 0.0520545 0.0478409 0.0248863 0.0219136 0.0225437 0.0690732 0.0860164 0.0481446 0.0820009 0.053532 0.0200947 0.0309015 0.0231038 0.0979025 0.063688 0.0334471 
0.046569 0.0506597 0.044741 0.0479898 0.0560842 0.0614759 0.0491405 0.0480393 0.0461008 0.0611976 0.0437144 0.043585 0.0386699 0.0550408 0.045406 0.0663297 0.0491471 0.0444221 0.0393239 0.0623634 
0.0201971 0.0232016 0.0244063 0.0674234 0.0369679 0.0792825 0.0225946 0.0212296 0.0190859 0.0263729 0.0781194 0.0564406 0.0350892 0.0597934 0.0185379 0.20955 0.0174125 0.144528 0.0159708 0.0237965 
0.0490047 0.0265996 0.040491 0.0640167 0.0301375 0.0663642 0.0307734 0.0300722 0.0399597 0.0391389 0.0867359 0.0969348 0.0351007 0.0741181 0.036903 0.0404709 0.0274608 0.0711543 0.031917 0.0826466 
0.0485652 0.0426465 0.0338012 0.0880137 0.0401013 0.0453793 0.0403408 0.0373279 0.0742317 0.0417557 0.0575701 0.0481203 0.0572353 0.0479645 0.0341066 0.0950946 0.037945 0.0616478 0.0307419 0.0374107 
0.0397964 0.055188 0.092608 0.0338414 0.0416689 0.0514675 0.0455499 0.0633627 0.0607157 0.0493753 0.0371055 0.0514191 0.0408135 0.0394777 0.0561108 0.0491807 0.0608631 0.0427592 0.0437683 0.0449282 
0.0403867 0.0730547 0.0433076 0.0467514 0.0346725 0.048484 0.0472202 0.0708055 0.0395894 0.0347578 0.0572646 0.0680679 0.041778 0.046321 0.0622732 0.0377775 0.0409151 0.0459513 0.0410277 0.0795939 
0.0488852 0.0440876 0.050386 0.0622726 0.0431635 0.0430724 0.072648 0.0518089 0.0634545 0.0476626 0.0870796 0.0589158 0.0391039 0.04 0.0347188 0.0404734 0.0334655 0.064205 0.0329222 0.0416747 
0.101016 0.0400401 0.0461571 0.0532678 0.0423133 0.0491825 0.0315172 0.0493774 0.0314841 0.0395665 0.0828712 0.0777685 0.0309485 0.0398562 0.0280858 0.0510377 0.0301381 0.084908 0.0449176 0.0455458 
0.0432456 0.0493279 0.0472821 0.0474817 0.0448135 0.0476567 0.0416175 0.0544024 0.053375 0.0529106 0.0544675 0.0543622 0.0607936 0.0432771 0.0452285 0.0538734 0.0480034 0.0605908 0.0433888 0.0539019 
0.0498367 0.0602215 0.0487765 0.0458993 0.0509143 0.039561 0.0531624 0.0625588 0.0471608 0.0485364 0.0384704 0.036097 0.0526723 0.0470927 0.0533101 0.0501037 0.0617106 0.0375299 0.0565034 0.0598819 
0.0396322 0.0477817 0.0440421 0.0449085 0.0483723 0.0715926 0.0420758 0.0452633 0.0424758 0.069724 0.0536676 0.0752211 0.0454157 0.0301258 0.044542 0.0454552 0.0482691 0.0763321 0.0425788 0.0425242 
0.0412489 0.0418344 0.0551742 0.0490896 0.0529905 0.0503231 0.0458734 0.0735704 0.0448775 0.0477131 0.0617465 0.0474139 0.0483551 0.0432766 0.0459823 0.062592 0.0387049 0.048311 0.0434927 0.0574297 
0.0498724 0.0515772 0.0512655 0.0380355 0.0543244 0.0404194 0.05941 0.0643573 0.0592359 0.0468103 0.0359688 0.0405831 0.0419664 0.0506051 0.0501646 0.0560549 0.0655029 0.0337987 0.0604581 0.0495891 
0.0158453 0.0161134 0.036556 0.0651941 0.0331457 0.0697934 0.016521 0.0207058 0.0125082 0.0201794 0.119943 0.100191 0.185084 0.013413 0.0558326 0.00913042 0.0139213 0.133278 0.0454203 0.0172239 
0.0230837 0.0230169 0.0260818 0.0808478 0.0483406 0.0465336 0.0131855 0.0198201 0.0554185 0.0306062 0.139229 0.0992122 0.0379691 0.137619 0.00935151 0.00848613 0.00876615 0.158333 0.0125974 0.0215021 
0.0171741 0.0174058 0.0342167 0.0931733 0.193742 0.0605092 0.0102971 0.0295654 0.0293407 0.0314212 0.110608 0.0747231 0.0438767 0.0160749 0.0165016 0.0113711 0.00922614 0.158193 0.0112387 0.0313406 
0.0440336 0.0658041 0.0524929 0.0613209 0.0410071 0.0508798 0.0372815 0.0366465 0.0598225 0.0419897 0.0516776 0.0503264 0.0495698 0.0653503 0.0505446 0.0494671 0.0457416 0.0524624 0.0522808 0.0413006 
0.050726 0.0464597 0.0631975 0.0392517 0.0476284 0.0427231 0.0540218 0.0510059 0.0548887 0.042069 0.0463534 0.0378796 0.053906 0.0788196 0.0475938 0.0561585 0.0514499 0.0356927 0.0490826 0.0510919 
0.0634614 0.0536511 0.0370782 0.0459217 0.0428089 0.0358985 0.0581544 0.047202 0.0542834 0.0484594 0.0446375 0.0507764 0.0357239 0.0494441 0.0598617 0.0438691 0.0662965 0.0456247 0.0717895 0.0450577 
0.0318534 0.0320831 0.032832 0.0641626 0.0473127 0.0451668 0.0280655 0.0347156 0.0337496 0.134495 0.0868136 0.0572296 0.0645151 0.03436 0.0573284 0.0302482 0.0307335 0.0767011 0.036016 0.0416184 
0.0829197 0.0312309 0.0349008 0.0565621 0.0392611 0.0543079 0.0358012 0.0442399 0.0406665 0.0455267 0.0605863 0.0449431 0.0424234 0.0777892 0.0326099 0.0433529 0.0357964 0.0610816 0.0878351 0.0481651 
0.0365107 0.0493747 0.0434566 0.0935336 0.0485381 0.0443641 0.0337943 0.054928 0.0497103 0.0447276 0.063934 0.0787965 0.0463784 0.0390344 0.0387656 0.0320145 0.0342599 0.0843305 0.0336981 0.0498502 
0.034174 0.0196616 0.0279026 0.0626217 0.052036 0.0526985 0.0153112 0.0186358 0.0129843 0.0240801 0.143809 0.243213 0.0334782 0.0151512 0.010775 0.0102251 0.0108362 0.177888 0.0138226 0.0206952 
0.0520441 0.0766879 0.0892269 0.0407708 0.0448822 0.04173 0.0490613 0.0524904 0.0469245 0.0413836 0.0389078 0.0364138 0.0360959 0.0522545 0.0473408 0.0552922 0.0538948 0.037584 0.0613982 0.0456163 
0.0503509 0.0496105 0.0469591 0.0486179 0.0486051 0.0371085 0.0496711 0.0573202 0.0626327 0.053264 0.0457806 0.0443585 0.0495267 0.042134 0.0540673 0.0461566 0.0724263 0.0385273 0.0466312 0.0562517 
0.0584653 0.0578606 0.0495613 0.0413862 0.0558005 0.0347653 0.0539905 0.0533296 0.0639228 0.0475422 0.0332591 0.0410221 0.0438464 0.0500708 0.0668063 0.0498799 0.0546752 0.0371748 0.0564454 0.0501958 
0.0360093 0.0444217 0.0516965 0.0444018 0.0745439 0.0407704 0.042514 0.0447892 0.0460432 0.0685357 0.052399 0.0468807 0.0499442 0.0636753 0.0471679 0.0339051 0.0442449 0.0464781 0.046426 0.0751531 
0.0457708 0.050238 0.0490523 0.0506624 0.0494145 0.0407438 0.0461374 0.0426525 0.0792539 0.0461231 0.0616802 0.0618149 0.0552374 0.0428999 0.0434459 0.0452574 0.0465825 0.0510781 0.0465907 0.0453644 
0.0320094 0.084385 0.0266966 0.0829734 0.0404822 0.0620135 0.0363096 0.0313286 0.0291529 0.112527 0.0669863 0.0531027 0.0336755 0.027094 0.03012 0.0356412 0.0466693 0.0916826 0.0259698 0.051181 
0.0720002 0.0528725 0.0438166 0.0503068 0.0391957 0.0463715 0.0657649 0.046732 0.0456708 0.0467994 0.0510151 0.0549337 0.0465882 0.04226 0.0490023 0.0502268 0.0442009 0.0400493 0.0491289 0.0630646 
0.0303596 0.0305784 0.0358231 0.0481698 0.0389128 0.0376673 0.0264658 0.04725 0.0318846 0.156272 0.0587817 0.0824992 0.0424852 0.0242349 0.038099 0.0268254 0.0366924 0.0838917 0.0733471 0.0497604 
0.0362675 0.0407503 0.0335813 0.0440311 0.0559888 0.0340641 0.0482803 0.0364854 0.0889601 0.0380721 0.0707251 0.043225 0.0396962 0.0454326 0.0511494 0.0522284 0.0435976 0.111112 0.0415101 0.044843 
0.0421069 0.0841059 0.0497221 0.062874 0.0490452 0.0404716 0.0377877 0.0408691 0.0367857 0.0440059 0.0725636 0.0642222 0.0463769 0.0486687 0.0438218 0.0364257 0.0378796 0.0668823 0.0436601 0.0517252 
0.052221 0.0478093 0.0476313 0.0493143 0.0475126 0.0443737 0.0460682 0.0485276 0.0488441 0.0496371 0.0540675 0.0520187 0.0473138 0.0707155 0.050994 0.0419287 0.0525416 0.0493403 0.0519022 0.0472385 
0.0465728 0.0497465 0.062695 0.0360634 0.0551277 0.0342283 0.0560553 0.0565556 0.0512048 0.0584469 0.0364153 0.038877 0.05308 0.0485131 0.0604541 0.0561926 0.0618929 0.0370354 0.0529569 0.0478864 
0.0268195 0.0232593 0.049652 0.0724297 0.0334369 0.0356824 0.0204024 0.0254335 0.0188879 0.0202905 0.0978805 0.132214 0.0524809 0.021588 0.0835501 0.0138724 0.061801 0.0805497 0.0145063 0.115263 
0.0656718 0.038609 0.0480506 0.0617632 0.0608379 0.0434983 0.0635057 0.0513368 0.0489813 0.0438755 0.0470992 0.0531603 0.039008 0.050162 0.0404308 0.0597386 0.0504468 0.0511093 0.0440654 0.0386494 
0.0448179 0.0495128 0.0702517 0.0575039 0.0661006 0.0472633 0.0420633 0.0371242 0.0331242 0.0432568 0.0823236 0.0617478 0.0444985 0.0373429 0.0351229 0.0338805 0.0358116 0.0975883 0.0302449 0.0504202 
0.057363 0.0408712 0.0592385 0.0387249 0.0433752 0.038732 0.0458857 0.059191 0.0527952 0.047801 0.0440801 0.0442985 0.0346016 0.0595413 0.0529448 0.0541696 0.0488638 0.0554908 0.0557152 0.0663165 
0.0734993 0.0461748 0.0547911 0.0445987 0.0442014 0.0391581 0.0459244 0.0548163 0.070341 0.0469394 0.0619217 0.0521744 0.0474538 0.032991 0.0430409 0.0516423 0.04777 0.0464404 0.0535285 0.0425925 
0.0417078 0.0480394 0.0427514 0.0474352 0.0551947 0.0358373 0.0602242 0.0536651 0.0521931 0.0649121 0.0511757 0.0477854 0.0518904 0.0492615 0.0503038 0.0544056 0.0533809 0.0452803 0.0380906 0.0564654 
0.0449082 0.0378133 0.034181 0.168306 0.0419466 0.0465213 0.017982 0.0330092 0.0309996 0.0335256 0.11463 0.110182 0.0410962 0.0255562 0.0154201 0.0217957 0.0245862 0.108095 0.0233148 0.0261308 
0.0334137 0.04906 0.0432362 0.0439869 0.0484013 0.0358167 0.104249 0.046008 0.0376139 0.0365368 0.0404475 0.0761811 0.0472766 0.0982706 0.0695784 0.035238 0.0362283 0.0379265 0.0467352 0.0337953 
0.0536891 0.0471485 0.0484283 0.0529138 0.0500597 0.0394999 0.061549 0.0529504 0.0658034 0.0505765 0.0358627 0.035892 0.045239 0.0527483 0.0594078 0.0478525 0.056292 0.0396258 0.051723 0.0527382 
0.0511904 0.047697 0.0434525 0.0578617 0.0526481 0.0464641 0.0487775 0.0569146 0.0482993 0.0476847 0.0360638 0.0423717 0.0424525 0.0460407 0.0743747 0.0498396 0.0500853 0.046133 0.0593811 0.0522679 
0.0561088 0.0333394 0.0783962 0.058865 0.0439367 0.0503951 0.034788 0.0396822 0.0488954 0.0344733 0.0664002 0.0515825 0.0519144 0.0341113 0.0340117 0.0369876 0.0323126 0.0627162 0.0889555 0.0621278 
0.0597595 0.0524827 0.0440642 0.0404876 0.0471088 0.0351051 0.0526294 0.0517708 0.0550879 0.0446334 0.0426653 0.037504 0.0447771 0.0563487 0.0593472 0.0506481 0.0642414 0.0409585 0.0659839 0.0543964 
0.0617936 0.0452261 0.15107 0.0609086 0.0455556 0.0396393 0.0246417 0.0510544 0.0260899 0.0348759 0.0820811 0.0568221 0.0398404 0.0604617 0.0425959 0.0263363 0.0305085 0.0641948 0.0240809 0.032223 
0.0491043 0.0650751 0.0573899 0.0571677 0.0535079 0.0486924 0.0497334 0.0437224 0.044937 0.0768747 0.043949 0.0474746 0.0437686 0.0449034 0.0431233 0.0422019 0.0435471 0.0457959 0.0536732 0.0453582 
0.052285 0.0508517 0.0497985 0.0371606 0.0509293 0.0399406 0.0554945 0.051392 0.0465187 0.0509166 0.0408566 0.0422847 0.0485595 0.0490701 0.0503594 0.0578192 0.0639791 0.0371596 0.0511839 0.0734404 
0.0187151 0.0335442 0.0285 0.0620422 0.0419913 0.0363277 0.0159915 0.192592 0.0334321 0.0423554 0.138324 0.0796696 0.0380217 0.0214876 0.032734 0.0129276 0.0175723 0.0954547 0.0225174 0.0357993 
0.0332447 0.0431729 0.0363955 0.0496535 0.0662538 0.0325428 0.0317608 0.0457706 0.0375118 0.0416996 0.103173 0.138293 0.0494458 0.0350835 0.0231051 0.0451253 0.032896 0.0842157 0.0353877 0.0352694 
0.0429156 0.0378148 0.034535 0.0451836 0.0403124 0.0339346 0.0549599 0.0377751 0.0591197 0.0473975 0.0551156 0.0425125 0.0706114 0.0438282 0.0697453 0.0425026 0.0483931 0.0681244 0.0595813 0.0656375 
0.0596047 0.0364674 0.0567656 0.066346 0.0342393 0.0377023 0.0358902 0.0689413 0.0296936 0.040213 0.06379 0.0387123 0.0513025 0.046247 0.02669 0.0271627 0.0317498 0.0826642 0.111015 0.0548036 
0.0539723 0.051592 0.0491238 0.0438579 0.0439132 0.0424638 0.0567425 0.0552101 0.0632917 0.0486997 0.040022 0.0404639 0.0449823 0.0475115 0.0546141 0.0558339 0.0674652 0.0359231 0.0529283 0.0513886 
0.0335095 0.0541416 0.0373048 0.0455898 0.0829117 0.0373956 0.0434944 0.0713088 0.0378397 0.0572933 0.0734743 0.0572349 0.0442343 0.04662 0.0365839 0.0357983 0.0468905 0.0657297 0.0372263 0.0554185 
0.0437753 0.0645667 0.0392275 0.0423113 0.0397019 0.0404865 0.0520034 0.0493537 0.0510593 0.0574878 0.0440488 0.0617693 0.0446899 0.0441928 0.0549902 0.0502604 0.0584649 0.0339105 0.0715384 0.0561615 
0.0491429 0.0523213 0.0443606 0.0508519 0.0601454 0.0376017 0.0502997 0.0463116 0.0484738 0.0483239 0.048353 0.042708 0.0427469 0.0609257 0.0524466 0.0542835 0.060157 0.0558629 0.0461963 0.0484873 
0.0501079 0.049525 0.045713 0.0574032 0.0689405 0.044262 0.0452028 0.0471161 0.0437769 0.0423817 0.052507 0.0529142 0.0570066 0.0422669 0.0494249 0.0391167 0.0406506 0.0521626 0.0661004 0.053421 
0.0425268 0.052082 0.0386855 0.0553751 0.0521485 0.0429839 0.0460956 0.0575811 0.0502475 0.0825185 0.0699808 0.0428254 0.0507477 0.0380167 0.0490751 0.0373195 0.0598955 0.0458775 0.0477616 0.0382559 
0.0216302 0.018228 0.033814 0.0851028 0.0477707 0.0783666 0.0242214 0.0385037 0.0184259 0.0417431 0.234387 0.0656085 0.0496944 0.0159841 0.0137204 0.024462 0.0237619 0.122875 0.0182981 0.0234023 
0.0275181 0.030249 0.035017 0.0944437 0.0518669 0.0995918 0.0232824 0.0301684 0.028552 0.0789701 0.0901394 0.0651905 0.0428033 0.0226503 0.0298626 0.085324 0.0227844 0.0809748 0.024314 0.0362973 
0.0416422 0.0400163 0.0363681 0.0591686 0.0417546 0.0498285 0.0463841 0.0447397 0.0354873 0.0528875 0.126737 0.0507834 0.0517717 0.0534116 0.0381923 0.0357799 0.0471301 0.064082 0.0471687 0.0366658 
0.0493851 0.0550886 0.0472333 0.0533734 0.0415885 0.0692041 0.0469666 0.0691079 0.0561277 0.0359358 0.0737871 0.0545124 0.0596446 0.0368852 0.0294637 0.0442678 0.036419 0.0517343 0.0411392 0.0481357 
0.0275857 0.062811 0.0341938 0.0624528 0.0478709 0.0379476 0.0353349 0.0435607 0.0439459 0.035197 0.0473862 0.10224 0.033068 0.0547185 0.0289756 0.0398142 0.032904 0.0722402 0.0347642 0.122989 
0.0522966 0.0518811 0.0580425 0.0398511 0.0482121 0.0320029 0.0629924 0.0526063 0.0491985 0.0481303 0.0327234 0.0346729 0.0518008 0.0698124 0.0570241 0.0551996 0.0548137 0.0380779 0.0575077 0.0531536 
0.0458712 0.0494142 0.071889 0.0494831 0.0659067 0.0334471 0.0530043 0.0434411 0.0409474 0.0404119 0.0727869 0.0402596 0.0527826 0.0491528 0.0457694 0.053171 0.0426319 0.0440469 0.0586462 0.0469366 
0.0363806 0.0421712 0.0462025 0.0676251 0.0604851 0.0430562 0.0426819 0.0533964 0.048897 0.0406525 0.0773925 0.0912144 0.0491271 0.0331741 0.0353262 0.0329439 0.0518611 0.0580092 0.0335356 0.0558672 
0.0504595 0.0573407 0.0431969 0.0422168 0.050629 0.0344117 0.0598056 0.0439249 0.0520183 0.0499425 0.0511169 0.0645048 0.0496125 0.0428426 0.0476344 0.0516501 0.0450804 0.0470544 0.0709921 0.0455658 
0.0503948 0.0709692 0.0349656 0.0388003 0.100353 0.0319616 0.0316575 0.0362197 0.0399175 0.0468025 0.0498979 0.0469488 0.0470917 0.0332663 0.0454718 0.0439704 0.0407782 0.0772048 0.0982974 0.0350314 
0.0941587 0.0461019 0.0419938 0.0474818 0.0430419 0.0392436 0.0496139 0.0557969 0.0455379 0.0494875 0.0529232 0.0693372 0.040052 0.0480746 0.0417429 0.0402345 0.0512809 0.0549405 0.0409203 0.0480361 
0.0481403 0.0505544 0.042618 0.0435243 0.0377388 0.0508253 0.0530219 0.0488201 0.0574341 0.0469673 0.0584219 0.0563612 0.0435221 0.0475484 0.0419537 0.0575028 0.0524446 0.0664119 0.0450958 0.0510932 
0.0520183 0.0442404 0.0454904 0.0416151 0.0482282 0.0475707 0.052898 0.0466953 0.0539139 0.0533181 0.063211 0.0379247 0.0689373 0.0521218 0.0571525 0.0533523 0.0549261 0.0339239 0.0445961 0.0478659 
0.0122923 0.151601 0.0199965 0.0823386 0.0734706 0.0661697 0.00745172 0.0200447 0.00990983 0.0172079 0.139838 0.18479 0.0282503 0.0457634 0.00603166 0.00829975 0.00911417 0.0929623 0.0134618 0.0110049 
0.0359812 0.108739 0.0386568 0.0534981 0.0396294 0.0492662 0.0276152 0.0330492 0.0453126 0.0370785 0.0630048 0.0542284 0.0504354 0.106861 0.0367314 0.0323947 0.0288012 0.0627824 0.0402921 0.0556428 
0.0741177 0.046156 0.0552288 0.0434666 0.0360996 0.0377325 0.0584331 0.0563604 0.0631142 0.0462955 0.0453089 0.0364985 0.0453826 0.0503312 0.0570824 0.0506266 0.0528971 0.0407222 0.0568196 0.0473266 
0.0472806 0.0475767 0.0408059 0.0443348 0.0485812 0.040801 0.0484741 0.0512085 0.0531689 0.0479293 0.0597531 0.0441104 0.0497797 0.0552295 0.0530251 0.0605407 0.0664636 0.0427903 0.0455358 0.0526109 
0.0726225 0.0613232 0.0478992 0.0582705 0.0511552 0.0449655 0.0420904 0.0410958 0.0469506 0.0437595 0.0822606 0.0575862 0.0439218 0.0535949 0.0314293 0.0276537 0.0324508 0.0827787 0.0332829 0.0449088 
0.0482924 0.043512 0.0384191 0.0541651 0.0448619 0.0400645 0.0700858 0.0371757 0.0478278 0.0421522 0.0634149 0.0554542 0.118384 0.0400804 0.0386057 0.035487 0.0394735 0.0617266 0.0383285 0.0424891 
0.0369207 0.0394353 0.0447394 0.0935936 0.0616399 0.101858 0.0353718 0.0391789 0.0401083 0.0321549 0.0462437 0.0405199 0.0465346 0.0323879 0.0375836 0.0387339 0.0709202 0.0705798 0.0433299 0.0481662 
0.0409712 0.0411834 0.0548881 0.0540908 0.0471301 0.042938 0.0347033 0.0490759 0.0385767 0.0492277 0.0625232 0.0512487 0.0471274 0.0355843 0.0476616 0.0662407 0.04187 0.070333 0.0414639 0.0831622 
0.0437135 0.0484118 0.0503961 0.0473582 0.0375168 0.0348563 0.173476 0.0379092 0.040328 0.0408889 0.04 0.0505943 0.0427584 0.0410338 0.0460055 0.0517786 0.0396674 0.050708 0.0381374 0.0444621 
0.0331839 0.0467182 0.0505448 0.0725597 0.0459659 0.0498275 0.07917 0.0567758 0.0353852 0.0334332 0.0791593 0.0698511 0.0465861 0.0256119 0.036949 0.0270534 0.0278885 0.0988711 0.0303678 0.0540976 
0.0411057 0.0340465 0.0334202 0.0724516 0.0551663 0.0792696 0.0399405 0.0454881 0.0412687 0.0467166 0.0878366 0.0601193 0.0689245 0.0330792 0.0347394 0.0384588 0.0472841 0.0569358 0.0376129 0.0461358 
0.0472344 0.0607689 0.0643387 0.0394607 0.0396443 0.0462984 0.0477151 0.0521015 0.0466981 0.0502168 0.0488759 0.0401273 0.0562555 0.0498284 0.0601834 0.0472772 0.0586273 0.047572 0.0543856 0.0423903 
0.0229286 0.0179589 0.0257254 0.0939629 0.0398111 0.0628413 0.0105542 0.0198804 0.0138261 0.0190288 0.133542 0.0927795 0.0477595 0.0211898 0.0121129 0.0102704 0.0106308 0.130134 0.0139431 0.201121 
0.0398326 0.0766502 0.0491068 0.0612049 0.0463 0.0312348 0.0447532 0.0377405 0.0652778 0.046036 0.0305599 0.0346953 0.0495962 0.0454786 0.0661219 0.0518863 0.0665929 0.0433556 0.0538606 0.059716 
0.0357717 0.0279694 0.0209942 0.0821507 0.0519596 0.036853 0.0188865 0.0339981 0.0263183 0.0292263 0.110907 0.0751481 0.0363766 0.0349356 0.100144 0.0256537 0.0188188 0.179592 0.023846 0.0304504 
0.0289291 0.0613238 0.0274629 0.0676799 0.0576238 0.0470766 0.0528423 0.0498632 0.0700321 0.038382 0.0732791 0.0763297 0.038379 0.0343764 0.0303767 0.0563947 0.0459913 0.0618128 0.0401288 0.0417158 
0.0172074 0.0297812 0.0278399 0.0810056 0.0507409 0.0560131 0.013446 0.0203302 0.0484848 0.0227333 0.142798 0.100848 0.0505126 0.0194179 0.0104848 0.0120627 0.011694 0.123361 0.0627624 0.0984761 
0.0530437 0.0536808 0.0564719 0.0465397 0.0437784 0.0451424 0.0557992 0.0550007 0.0522835 0.0453163 0.044246 0.0478636 0.0470369 0.051405 0.0573015 0.0458062 0.0582754 0.0358787 0.0490509 0.0560795 
0.0417698 0.0518321 0.0397423 0.0593234 0.0373611 0.0442394 0.0299919 0.0875094 0.057756 0.0487303 0.074858 0.0806859 0.0340575 0.0414212 0.0411189 0.0355389 0.0454247 0.0637326 0.0489378 0.0359687 
0.0457363 0.0465598 0.0432374 0.0437565 0.0442917 0.0384245 0.0518027 0.0440355 0.0515782 0.0426475 0.0599222 0.0501877 0.0416409 0.0614053 0.0801434 0.0408975 0.042715 0.050983 0.0624574 0.0575774 
0.0462594 0.0685154 0.0471668 0.0526088 0.0476111 0.043658 0.0637982 0.0454406 0.0379646 0.048878 0.0604379 0.0479186 0.0503005 0.0428122 0.048787 0.0449308 0.0542424 0.050338 0.0534338 0.0448978 
0.052111 0.0577087 0.040938 0.0451444 0.0585189 0.0339601 0.0408759 0.0581393 0.0513556 0.0711559 0.0534847 0.0471392 0.0507864 0.0457851 0.0496602 0.0498916 0.053209 0.0506081 0.0449824 0.0445453 
0.0385191 0.0292364 0.0527446 0.0732295 0.0513943 0.0460309 0.0235713 0.0269058 0.031419 0.0399348 0.0747716 0.0589761 0.0514313 0.031989 0.0812697 0.0353499 0.0298906 0.0978958 0.0534054 0.0720348 
0.043865 0.0416841 0.0399456 0.0590529 0.0525036 0.0426196 0.0743606 0.0433782 0.0441604 0.0405331 0.0692405 0.0559774 0.072042 0.0361354 0.0408758 0.0368496 0.0444643 0.0730906 0.0390387 0.0501825 
0.0506426 0.050571 0.0436357 0.0462996 0.0504478 0.0423538 0.0614421 0.049984 0.0525944 0.0505688 0.0381763 0.0462028 0.0457125 0.0494207 0.0569476 0.058293 0.0564569 0.0446906 0.0593611 0.0461987 
0.0524078 0.0522501 0.0488788 0.0501635 0.0417431 0.0426171 0.0688751 0.0554294 0.0475754 0.0420898 0.0430791 0.0390083 0.0579522 0.051288 0.0508066 0.0517203 0.0675516 0.0351364 0.0506641 0.0507633 
0.0278528 0.0327266 0.0460677 0.10166 0.0392813 0.0640844 0.0766643 0.0328539 0.0765296 0.0229928 0.106293 0.0713703 0.0489512 0.0285099 0.0193238 0.0267391 0.0176027 0.0890103 0.0338181 0.0376682 
0.0443431 0.0476079 0.0898456 0.0525183 0.0434135 0.0398088 0.0427305 0.0390677 0.0346308 0.0446607 0.0762419 0.0612443 0.0486067 0.0495897 0.0385375 0.0370259 0.0383095 0.077332 0.0475883 0.0468974 
0.0485698 0.0566614 0.0460945 0.0473778 0.0507184 0.0398538 0.0568955 0.0577211 0.0531148 0.0489026 0.0368467 0.038828 0.047702 0.0578146 0.0619079 0.047581 0.0511852 0.0379739 0.050877 0.0633739 
0.0402105 0.0437455 0.0559855 0.0488822 0.0504307 0.0425397 0.0730865 0.046682 0.0478521 0.0513903 0.0563747 0.0393873 0.0416729 0.0382148 0.0512997 0.0573615 0.0634114 0.0488836 0.0450148 0.0575744 
0.0790818 0.0357268 0.039804 0.0604788 0.0455346 0.0390434 0.0366499 0.0547981 0.0509863 0.0429994 0.0725544 0.0663989 0.0531566 0.0339063 0.0405982 0.0350342 0.0531484 0.068522 0.0518163 0.0397616 
0.0478928 0.0525096 0.0336711 0.0583121 0.0533625 0.0549847 0.0655603 0.0469749 0.0512411 0.0407264 0.0709141 0.0649593 0.0421028 0.0359799 0.0362554 0.0384047 0.0444926 0.0772878 0.0427168 0.0416511 
0.0455776 0.0547385 0.0522388 0.0436836 0.0508459 0.0405871 0.049247 0.0460527 0.0659064 0.0529031 0.0428426 0.0393919 0.0507491 0.043493 0.0618865 0.0436442 0.0530703 0.0414968 0.0613014 0.0603434 
0.05319 0.0486033 0.0449803 0.0449114 0.0444638 0.045387 0.0473091 0.0532425 0.0756282 0.0476728 0.0507571 0.0474053 0.0520903 0.0472299 0.0535452 0.0442818 0.0582989 0.0469533 0.0465675 0.0474824 
0.0223439 0.0281092 0.0293919 0.0523393 0.321797 0.0324526 0.0305588 0.0272205 0.0257784 0.0255679 0.0679676 0.0534202 0.0358502 0.0216875 0.0224918 0.0821306 0.0191808 0.05662 0.0232324 0.02186 
0.0289983 0.0398988 0.0376817 0.0666605 0.0851642 0.0391113 0.0339254 0.0370714 0.0740633 0.045746 0.094035 0.0762079 0.0574082 0.0317107 0.0358123 0.0260255 0.0279928 0.0956581 0.0242511 0.0425774 
0.0533048 0.0453904 0.0356919 0.0478057 0.0397212 0.0375655 0.0429264 0.0612355 0.0434836 0.0417543 0.0541383 0.0457856 0.077935 0.0465935 0.0417307 0.0373386 0.0601257 0.0565271 0.0616364 0.0693097 
0.0525703 0.0467794 0.0555986 0.0486927 0.0478818 0.038738 0.0570153 0.0469678 0.0501925 0.046321 0.0389905 0.0406038 0.0427252 0.0539648 0.058412 0.0688219 0.0531555 0.0418053 0.0652664 0.0454973 
0.0479014 0.0580675 0.0506086 0.044533 0.050591 0.0408813 0.0512544 0.0542747 0.0627296 0.0436945 0.0462361 0.0470616 0.0466101 0.0499007 0.0570565 0.0488085 0.0525878 0.0426198 0.0536564 0.0509266 
0.0511392 0.0475488 0.0562073 0.0490824 0.0516945 0.0436459 0.0498793 0.0625865 0.0486174 0.0415394 0.0579163 0.0465366 0.0532682 0.0393121 0.0469156 0.0404947 0.0714456 0.0465014 0.0462192 0.0494495 
0.0283549 0.046054 0.042016 0.0534811 0.0420151 0.0650352 0.0283239 0.0626041 0.0446462 0.0409636 0.143424 0.0507295 0.0452482 0.029843 0.040986 0.0539134 0.03951 0.0554764 0.0404053 0.04697 
0.061019 0.0460245 0.0393056 0.039657 0.0674293 0.0399324 0.0468773 0.0588099 0.0579912 0.0402508 0.0530494 0.0379791 0.0485867 0.0456131 0.055939 0.0518321 0.0547702 0.0445423 0.045927 0.064464 
0.0464084 0.0516705 0.0503519 0.0508562 0.0446358 0.0401506 0.0485082 0.0439582 0.0532326 0.0423568 0.0624423 0.0451672 0.0497189 0.0459022 0.0497856 0.0390077 0.0482651 0.0760706 0.0575968 0.0539143 
0.0505601 0.0475099 0.0512426 0.0394883 0.042478 0.0386915 0.0827678 0.0583865 0.0500483 0.0475598 0.0427375 0.0505135 0.0457573 0.0495222 0.0527957 0.0537362 0.054684 0.0494857 0.0461548 0.0458807 
0.0345406 0.0539462 0.0527799 0.044853 0.0394205 0.0397929 0.0485088 0.0562254 0.0403888 0.0861057 0.0573404 0.0411979 0.0404552 0.0459278 0.0499069 0.0646535 0.0430902 0.0537471 0.0591457 0.0479735 
0.0477243 0.055801 0.0428261 0.0471454 0.0610029 0.0354011 0.0554991 0.0655125 0.0409166 0.0446621 0.0398762 0.0369283 0.0438691 0.0498147 0.0559293 0.0486669 0.0438475 0.046685 0.0514163 0.0864756 
0.0512632 0.063106 0.0474899 0.0398387 0.0619951 0.0356007 0.0515331 0.0476124 0.0430747 0.0573403 0.0358074 0.0393261 0.0457973 0.0523458 0.0539733 0.0554203 0.0549796 0.0342397 0.0746844 0.0545721 
0.0543091 0.0576898 0.0467942 0.0382707 0.0537352 0.0391928 0.047586 0.0452518 0.0596395 0.0562 0.0491003 0.0404768 0.049375 0.0437314 0.0480605 0.0567634 0.0744095 0.0419064 0.0486845 0.0488234 
0.0448021 0.0541504 0.0548997 0.0501472 0.0462908 0.0455134 0.0433699 0.0517036 0.0537259 0.0458504 0.0623714 0.0509291 0.0407421 0.04775 0.0509031 0.0551677 0.0541863 0.0460267 0.0512505 0.0502197 
0.0373213 0.0458272 0.076096 0.0712335 0.0453663 0.0469163 0.0360617 0.0370918 0.0665117 0.0507068 0.0808679 0.0700986 0.0492007 0.035636 0.0445074 0.0370555 0.0318082 0.0622558 0.0392642 0.0361732 
0.0407241 0.0461476 0.0584101 0.053884 0.0408671 0.0397145 0.0298546 0.0625739 0.0346658 0.036983 0.105264 0.0628985 0.0542214 0.0350658 0.0343239 0.031403 0.0310794 0.0663668 0.0355319 0.100021 
0.039045 0.0476257 0.0550506 0.0637701 0.0366796 0.0603154 0.0620565 0.0501527 0.0313877 0.0563819 0.0433717 0.0545755 0.0381318 0.0392212 0.0464926 0.0777046 0.0500136 0.0338553 0.0752466 0.0389219 
0.0311638 0.0949115 0.0617449 0.118028 0.0491521 0.0510789 0.0291051 0.0576841 0.0294369 0.0319017 0.100682 0.0491301 0.0343213 0.0498818 0.0225073 0.0256059 0.0226764 0.0841128 0.0301025 0.026773 
0.0398679 0.051328 0.0567602 0.0585482 0.0542637 0.0450158 0.0441411 0.0803838 0.0385451 0.0516369 0.072285 0.0513071 0.04288 0.0395022 0.0499992 0.0394909 0.0414771 0.0570989 0.0409475 0.0445216 
0.0278752 0.0908263 0.0268275 0.0452326 0.0478755 0.0401218 0.0852771 0.0656471 0.0353245 0.0483558 0.0481823 0.0518054 0.030973 0.0370623 0.0329361 0.0347448 0.125137 0.0385113 0.0332136 0.0540711 
0.0338174 0.0445512 0.037836 0.0391272 0.0488971 0.0463033 0.0862165 0.04241 0.0516981 0.0413126 0.0544137 0.042025 0.100215 0.0461365 0.0539655 0.0369322 0.0445143 0.0559789 0.0485138 0.0451362 
0.0448084 0.0573031 0.0481534 0.0491627 0.0459066 0.0420404 0.049795 0.0726108 0.0488392 0.0478595 0.0464319 0.0423196 0.0416781 0.0558454 0.0534531 0.0539341 0.053013 0.038482 0.055865 0.0524985 
0.0345069 0.022881 0.0308185 0.0677863 0.0472385 0.0480173 0.0240298 0.0151362 0.0230533 0.02331 0.221489 0.0564356 0.0268321 0.0689084 0.0109292 0.0272777 0.0638439 0.124033 0.0158719 0.0476013 
0.0529917 0.0548747 0.0537891 0.0520737 0.0425247 0.0366417 0.0572276 0.0549139 0.0485727 0.0465368 0.0491841 0.0400171 0.053558 0.0455781 0.05044 0.0526928 0.0490386 0.0453003 0.0633806 0.0506636 
0.0296376 0.0520339 0.0779338 0.0634431 0.0483294 0.0399466 0.095707 0.0275368 0.0362439 0.0477033 0.0858236 0.0659989 0.0525701 0.0467699 0.0223835 0.0297989 0.0381148 0.0566884 0.0389881 0.0443483 
0.052836 0.0419204 0.0971574 0.0637409 0.042564 0.0401882 0.0371557 0.0440491 0.0505645 0.032929 0.0451266 0.0568163 0.0736567 0.0362007 0.0416546 0.0489546 0.0583723 0.0545905 0.0347545 0.046768 
0.0458536 0.0714276 0.0418661 0.0306631 0.0331756 0.04031 0.0477558 0.0322 0.135179 0.0301475 0.106582 0.0315667 0.0326081 0.0256315 0.0300668 0.0430401 0.0417888 0.0587953 0.0625125 0.0588298 
0.0424266 0.0403017 0.0390124 0.0518215 0.0552212 0.0423599 0.0475978 0.0756943 0.0459591 0.0401618 0.0513323 0.0454699 0.0438334 0.0363049 0.0396481 0.0620431 0.0432623 0.0848874 0.0730126 0.0396496 
0.0424363 0.0373805 0.08727 0.0622515 0.0426387 0.0550132 0.0390207 0.0452243 0.0461436 0.0408124 0.0640296 0.05055 0.0515274 0.0485047 0.043797 0.0362267 0.0560939 0.0586082 0.0398851 0.0525863 
0.0368549 0.0381871 0.0910352 0.0509186 0.0394105 0.0584771 0.030011 0.0690387 0.0599432 0.0344488 0.110568 0.0495806 0.0501555 0.031637 0.0382475 0.0364886 0.0321233 0.0544031 0.0423921 0.0460794 
0.112787 0.0435337 0.0453339 0.0744412 0.0389286 0.0316019 0.0488372 0.037157 0.0368839 0.0424711 0.0788593 0.063633 0.0463156 0.0344543 0.0665744 0.030423 0.034474 0.0635759 0.0354447 0.0342708 
0.0277485 0.0262282 0.0252909 0.107729 0.0433412 0.036129 0.0257824 0.0840601 0.0238572 0.101106 0.120594 0.0698084 0.0419194 0.0354216 0.0313633 0.0153401 0.025395 0.0887828 0.0249564 0.0451474 
0.0638344 0.028725 0.037315 0.0567014 0.0357463 0.0572816 0.0257416 0.0363175 0.0352313 0.0359733 0.114947 0.0521469 0.0429754 0.0589744 0.0980157 0.0419264 0.0309854 0.0746429 0.0298178 0.042701 
0.0456644 0.0592112 0.0469036 0.0473549 0.0424302 0.0460933 0.0560579 0.0526826 0.0633904 0.0561365 0.0465411 0.0370698 0.042101 0.0508137 0.0546776 0.0465714 0.0600794 0.0382562 0.058197 0.0497678 
0.0361257 0.03303 0.0310208 0.0784157 0.111216 0.0636999 0.03596 0.0308039 0.0306015 0.044598 0.0795447 0.0609803 0.048615 0.0288911 0.0862177 0.0326168 0.033521 0.0663963 0.0287832 0.0389626 
0.0370651 0.0399556 0.110981 0.0635935 0.0505776 0.0488575 0.0337914 0.0382447 0.0303374 0.0501128 0.0937305 0.0744561 0.0456636 0.0307008 0.0314923 0.0334165 0.0357859 0.0717001 0.028176 0.0513614 
0.054783 0.0487761 0.0507123 0.0423537 0.0445541 0.0365823 0.0663045 0.0493976 0.0545205 0.0505112 0.0483768 0.0462719 0.0453338 0.0531973 0.0467094 0.0458191 0.0467666 0.0409757 0.0739283 0.054126 
0.038106 0.0338078 0.045423 0.0721445 0.0513126 0.0498395 0.0932387 0.0418384 0.0407338 0.0402934 0.0944312 0.0663556 0.0547879 0.03094 0.03138 0.0266526 0.0346598 0.084941 0.0326422 0.0364722 
0.0473298 0.0674009 0.0440703 0.042333 0.047665 0.0368465 0.0401479 0.0609608 0.0488594 0.047705 0.038131 0.0435248 0.0425605 0.0490683 0.0492822 0.0507642 0.0746367 0.0453355 0.0792869 0.0440915 
0.0389163 0.0500231 0.0421982 0.0357418 0.0587483 0.0363893 0.0735559 0.0388996 0.0529499 0.0564273 0.0389321 0.051353 0.0394862 0.0635997 0.0639394 0.0425785 0.058934 0.0527568 0.0525233 0.0520473 
0.0442733 0.0532282 0.0823639 0.0542871 0.0499886 0.0371662 0.116879 0.0422877 0.0416017 0.0523077 0.0563599 0.0481751 0.0360952 0.0381405 0.0320911 0.0331018 0.0392507 0.069552 0.0328327 0.040018 
0.0491685 0.0621221 0.0487217 0.0384979 0.0501684 0.0372397 0.0583075 0.05759 0.0514199 0.0517999 0.0439865 0.0410264 0.0479155 0.0519263 0.0741137 0.0522662 0.0506035 0.0393106 0.0465752 0.0472405 
0.0182495 0.0178165 0.205251 0.0920306 0.0401372 0.06609 0.0120838 0.0160945 0.0197221 0.0244095 0.148519 0.0877104 0.0453846 0.0165538 0.0109718 0.0116629 0.00972066 0.12435 0.011893 0.0213491 
0.0508437 0.0500385 0.0441317 0.0506011 0.0472035 0.0421299 0.0533763 0.0604926 0.0532343 0.0497948 0.0463855 0.0413875 0.0551817 0.0476582 0.0553712 0.0491701 0.0560247 0.0424115 0.0532184 0.0513449 
0.0338464 0.0371313 0.106054 0.048299 0.0539209 0.0524808 0.0857268 0.0340925 0.0366053 0.0332711 0.0631689 0.124886 0.0436072 0.0245967 0.0436903 0.0369499 0.0279808 0.0515922 0.029599 0.032501 
0.0537093 0.043145 0.0527729 0.0558363 0.0618295 0.039549 0.04506 0.0670544 0.0422753 0.0519899 0.0509662 0.0486879 0.0541528 0.0581322 0.0443346 0.0483218 0.0474725 0.0449457 0.0453543 0.0444105 
0.0208953 0.0245443 0.179844 0.100862 0.0439931 0.0680606 0.0137508 0.0201531 0.0208409 0.0264062 0.123199 0.0906102 0.0436629 0.0199992 0.0172285 0.0129053 0.0128266 0.112711 0.0160146 0.0314925 
0.0568103 0.0537393 0.0469128 0.039732 0.0484854 0.0346734 0.0496139 0.062617 0.0581721 0.0507976 0.0382699 0.0414003 0.045955 0.0627543 0.0574247 0.0577135 0.0557409 0.0361912 0.0518711 0.0511253 
0.0342615 0.0570762 0.0366193 0.0610147 0.0409503 0.0394356 0.0487841 0.0445657 0.0465984 0.0398443 0.0523727 0.10443 0.0481313 0.0400552 0.059609 0.0314935 0.0617467 0.0615555 0.0368908 0.0545647 
0.0682878 0.0640463 0.0511273 0.0459166 0.0414355 0.0510616 0.0432275 0.0542044 0.039536 0.0502952 0.0465873 0.053126 0.0560067 0.0615999 0.0460271 0.039995 0.038405 0.0485624 0.0532235 0.0473288 
0.0640917 0.0457341 0.0498784 0.0389983 0.0349345 0.0424821 0.052347 0.0570393 0.0509974 0.0474269 0.04338 0.0654726 0.0727367 0.0484664 0.0400847 0.043573 0.0668738 0.0416351 0.0459265 0.0479215 
0.0739024 0.0441637 0.0443575 0.0479774 0.0425613 0.0369088 0.0478327 0.0479669 0.0539245 0.0535825 0.0473857 0.0399631 0.0483769 0.0561348 0.0530507 0.0517236 0.0512429 0.0481264 0.0644168 0.0464013 
0.050336 0.0524778 0.0466621 0.04047 0.0519224 0.0420792 0.0508741 0.0577322 0.0554629 0.0515812 0.0428058 0.0391261 0.0419904 0.0476615 0.0474468 0.0463955 0.0820078 0.051316 0.0502682 0.0513841 
0.0469036 0.0392564 0.0457588 0.0583287 0.0488237 0.0419672 0.0835361 0.041855 0.0441528 0.0461725 0.0615787 0.0579685 0.0523924 0.0428756 0.0428477 0.0452572 0.0444324 0.0628803 0.0445298 0.0484826 
0.0380089 0.0353688 0.0399762 0.0599166 0.0677985 0.036477 0.0806357 0.0372451 0.037733 0.0351135 0.0994657 0.0697968 0.0503954 0.0426236 0.0388862 0.0262206 0.045442 0.0813501 0.0343319 0.0432145 
0.0525955 0.0483328 0.0560169 0.048955 0.042769 0.0363231 0.0606916 0.0621884 0.0466882 0.0501333 0.0358953 0.0412026 0.0454797 0.0473946 0.0503612 0.0543996 0.067046 0.0435966 0.0573778 0.0525526 
0.0474159 0.0512548 0.095427 0.028742 0.0333635 0.0406047 0.0628602 0.0464564 0.0313929 0.0638607 0.0455386 0.0309135 0.0535664 0.0487839 0.0652694 0.0633477 0.0693602 0.0382577 0.0485659 0.0350185 
0.0371794 0.0428912 0.0416122 0.0548467 0.0629329 0.0465705 0.0419263 0.047994 0.0358512 0.045225 0.0882593 0.058468 0.0555992 0.0311262 0.0440629 0.0463906 0.0369298 0.0517413 0.041322 0.0890713 
0.0385407 0.0386241 0.108411 0.0837963 0.0495971 0.0464632 0.0206947 0.0286183 0.0187593 0.0299106 0.0987567 0.0596165 0.038948 0.0237323 0.036017 0.0194603 0.0541538 0.0783691 0.101196 0.0263347 
0.060321 0.0407964 0.0447934 0.0399093 0.0474915 0.0821476 0.0438886 0.065516 0.0559483 0.0374291 0.0371882 0.038231 0.0485499 0.0558377 0.040967 0.0472435 0.0637943 0.0440186 0.0447184 0.0612104 
0.0654658 0.0652222 0.0430203 0.0502869 0.047372 0.0381044 0.047263 0.0648656 0.0491136 0.0536979 0.0350691 0.0394552 0.0417771 0.0423913 0.055013 0.0526039 0.0580544 0.0415603 0.0439631 0.0657007 
0.0427592 0.0785506 0.0488797 0.0359309 0.0526989 0.0439852 0.0591534 0.0440585 0.0538226 0.0428964 0.0425541 0.0312967 0.0543899 0.0527866 0.052774 0.0549327 0.0643424 0.0385791 0.0458229 0.0597861 
0.0756659 0.0584373 0.0461005 0.0441882 0.0464913 0.0369879 0.0591787 0.059757 0.0546041 0.046715 0.0352019 0.035962 0.0448107 0.0472868 0.0573681 0.05382 0.0597656 0.0346435 0.0533904 0.0496251 
0.0194686 0.0283677 0.0315791 0.0622657 0.0522516 0.0621842 0.0178632 0.0307121 0.0195899 0.0275701 0.110586 0.210296 0.120341 0.0178731 0.0141275 0.0126622 0.0135537 0.109159 0.0193053 0.0202455 
0.053531 0.042493 0.0557628 0.0442645 0.0319154 0.0340283 0.0528316 0.0374545 0.0481039 0.0520957 0.0657174 0.0365973 0.0440439 0.107585 0.0443512 0.0480095 0.0640759 0.0522642 0.0444771 0.0403974 
0.0636073 0.0148803 0.0361645 0.0896489 0.0303576 0.0432863 0.0130214 0.103241 0.0180103 0.02084 0.150432 0.0829415 0.0546557 0.0153653 0.011994 0.0152363 0.017528 0.183416 0.0146711 0.0207024 
